605318 法狮龙 日线 前复权
      日期	    开盘	    最高	    最低	    收盘	    成交量	    成交额
2020-08-03	14.21	17.35	14.21	17.35	127064	2389504.00
2020-08-04	19.24	19.24	19.24	19.24	53070	1100672.00
2020-08-05	21.31	21.31	21.31	21.31	121237	2765416.00
2020-08-06	23.59	23.59	23.59	23.59	127966	3210667.00
2020-08-07	26.10	26.10	22.70	26.10	20079846	532014112.00
2020-08-10	25.51	25.59	23.40	23.79	14897105	384152672.00
2020-08-11	23.16	23.47	22.27	22.50	11414476	277123840.00
2020-08-12	22.03	22.11	21.19	21.75	8967344	207546976.00
2020-08-13	21.84	22.49	21.20	21.33	7421348	173304384.00
2020-08-14	20.93	21.27	20.30	20.57	6610834	146060224.00
2020-08-17	20.45	20.89	20.40	20.75	4679412	103889760.00
2020-08-18	20.76	20.77	20.35	20.66	4318849	95286880.00
2020-08-19	20.68	21.68	20.59	20.93	7126431	161868224.00
2020-08-20	20.60	20.61	19.81	20.06	5045442	108986912.00
2020-08-21	20.15	20.27	19.87	20.05	3167435	68281400.00
2020-08-24	20.04	20.12	19.51	19.78	2913444	61804268.00
2020-08-25	19.72	20.19	19.71	20.03	3314158	71188056.00
2020-08-26	19.96	20.65	19.96	20.09	4514764	98605088.00
2020-08-27	20.03	20.50	19.81	20.40	2715578	58981740.00
2020-08-28	20.25	20.37	20.00	20.30	2244557	48655948.00
2020-08-31	20.46	20.65	20.31	20.56	2558275	56132736.00
2020-09-01	20.50	20.96	20.34	20.92	3251279	72183000.00
2020-09-02	20.74	20.90	20.15	20.28	3543553	77732192.00
2020-09-03	20.15	20.37	19.80	19.88	2389366	51545616.00
2020-09-04	19.68	20.18	19.52	20.16	1609307	34398156.00
2020-09-07	19.97	20.16	19.62	19.72	1573704	33649168.00
2020-09-08	19.73	20.10	19.70	19.86	1281361	27377640.00
2020-09-09	19.84	20.22	19.60	20.00	2919594	62717344.00
2020-09-10	20.03	20.59	20.02	20.29	3334027	72598456.00
2020-09-11	20.40	20.46	19.50	20.00	2745794	58786616.00
2020-09-14	19.87	20.24	19.71	20.18	2129359	45878888.00
2020-09-15	20.15	21.04	20.08	21.02	4726057	104720728.00
2020-09-16	21.05	21.23	20.50	21.14	4002363	89515064.00
2020-09-17	21.03	21.26	20.63	20.80	3620823	81170072.00
2020-09-18	20.80	21.11	20.62	20.83	2284886	51051912.00
2020-09-21	20.83	20.83	20.35	20.47	1859901	40925928.00
2020-09-22	20.31	21.23	19.83	21.05	3863946	85704960.00
2020-09-23	21.25	21.43	20.86	21.10	3013700	68231992.00
2020-09-24	21.11	21.16	20.10	20.69	2691558	59352808.00
2020-09-25	20.73	21.49	20.52	21.28	4001678	90470120.00
2020-09-28	21.38	21.65	19.00	19.16	11383519	245981040.00
2020-09-29	19.34	19.34	17.09	17.45	7104008	135363040.00
2020-09-30	17.30	17.61	17.15	17.45	2904671	54996216.00
2020-10-09	17.55	17.96	17.50	17.92	2193418	42179088.00
2020-10-12	17.84	18.32	17.81	18.20	2107136	41228876.00
2020-10-13	18.15	18.19	17.90	18.00	1626090	31706832.00
2020-10-14	17.88	18.18	17.81	17.98	1654999	32149314.00
2020-10-15	18.06	18.07	17.64	17.76	1413930	27415768.00
2020-10-16	17.77	17.97	17.65	17.88	978985	18925144.00
2020-10-19	17.87	17.90	17.57	17.66	1240692	23864964.00
2020-10-20	17.58	17.84	17.53	17.77	978673	18775212.00
2020-10-21	17.71	17.89	17.57	17.72	980752	18827372.00
2020-10-22	17.64	17.71	17.49	17.65	893664	17078408.00
2020-10-23	17.59	17.76	17.38	17.44	1047204	19984392.00
2020-10-26	17.30	17.86	17.04	17.76	2293106	43723336.00
2020-10-27	17.68	17.70	17.48	17.58	1020259	19468020.00
2020-10-28	17.57	17.68	17.38	17.57	720312	13692664.00
2020-10-29	17.43	17.48	17.22	17.37	937384	17668380.00
2020-10-30	17.44	17.61	16.96	17.32	1408653	26541076.00
2020-11-02	17.30	17.57	17.19	17.41	1632938	30934736.00
2020-11-03	17.42	17.76	17.35	17.70	1112793	21264832.00
2020-11-04	17.75	17.77	17.47	17.67	1026128	19645408.00
2020-11-05	17.71	17.85	17.60	17.77	1276397	24595884.00
2020-11-06	17.85	18.30	17.65	17.74	967570	18661718.00
2020-11-09	17.90	17.97	17.64	17.88	1757929	34008932.00
2020-11-10	17.94	17.97	17.67	17.70	1194689	23074904.00
2020-11-11	17.79	18.23	17.70	18.13	3232740	63178904.00
2020-11-12	18.20	18.62	17.80	18.45	3162603	62325624.00
2020-11-13	18.23	18.84	18.12	18.38	2225340	44415288.00
2020-11-16	18.50	18.59	18.12	18.31	1402902	27757274.00
2020-11-17	18.40	18.70	18.10	18.36	1672463	33271400.00
2020-11-18	18.26	18.55	18.23	18.37	1060310	21065426.00
2020-11-19	18.40	18.46	18.29	18.37	1112600	22109316.00
2020-11-20	18.35	18.42	18.03	18.09	1336960	26285088.00
2020-11-23	18.09	18.14	17.96	18.02	977371	19095184.00
2020-11-24	18.11	18.11	17.75	17.77	1029186	19907452.00
2020-11-25	17.77	17.80	17.50	17.64	1023300	19547168.00
2020-11-26	17.68	17.78	17.56	17.77	610838	11721135.00
2020-11-27	17.80	17.87	17.68	17.77	536566	10335082.00
2020-11-30	17.78	17.85	17.63	17.74	680670	13103717.00
2020-12-01	17.80	18.05	17.72	17.91	708135	13741141.00
2020-12-02	17.98	17.99	17.83	17.95	662364	12871562.00
2020-12-03	17.98	18.08	17.90	17.91	720049	14021522.00
2020-12-04	17.98	17.99	17.85	17.91	481400	9339670.00
2020-12-07	17.85	17.91	17.71	17.85	473397	9133379.00
2020-12-08	17.80	17.88	17.66	17.66	418443	8062738.00
2020-12-09	17.78	17.78	17.15	17.70	1043065	19731342.00
2020-12-10	17.49	17.70	17.36	17.68	597500	11377820.00
2020-12-11	17.64	17.73	17.25	17.37	589500	11137849.00
2020-12-14	17.45	17.47	17.26	17.47	430265	8107885.00
2020-12-15	17.42	17.49	17.34	17.47	283138	5353087.00
2020-12-16	17.50	17.83	15.57	15.57	3600172	64031228.00
2020-12-17	13.93	14.68	13.89	14.24	6788148	106924472.00
2020-12-18	14.02	14.24	13.84	13.96	4037446	62658232.00
2020-12-21	13.94	14.35	13.88	13.99	3085638	48129416.00
2020-12-22	13.90	13.95	13.58	13.62	2430102	36992208.00
2020-12-23	13.60	13.78	13.29	13.30	2031648	30466380.00
2020-12-24	13.26	13.33	12.88	13.08	1944368	28331564.00
2020-12-25	12.96	13.74	12.96	13.50	1879472	27843072.00
2020-12-28	13.59	14.00	13.16	13.18	1560896	23349914.00
2020-12-29	13.24	13.28	13.00	13.07	1356656	19852448.00
2020-12-30	13.13	13.30	12.92	13.07	1412300	20593304.00
2020-12-31	13.15	13.26	13.03	13.18	1484291	21725062.00
2021-01-04	13.18	13.35	13.00	13.25	1453502	21367792.00
2021-01-05	13.19	13.40	13.17	13.38	1311860	19423800.00
2021-01-06	13.35	13.40	12.86	12.97	1462156	21316928.00
2021-01-07	12.82	12.96	12.21	12.36	1808635	25282214.00
2021-01-08	12.43	12.49	12.06	12.19	1122766	15439954.00
2021-01-11	12.19	12.19	11.76	11.90	1379146	18502382.00
2021-01-12	11.90	12.25	11.89	12.15	1438005	19600252.00
2021-01-13	12.18	12.59	11.88	12.26	1911581	26363578.00
2021-01-14	12.20	12.75	12.08	12.67	1744832	24465806.00
2021-01-15	12.70	13.15	12.57	13.15	1845299	26740636.00
2021-01-18	13.17	13.35	12.79	12.88	1779028	25718216.00
2021-01-19	12.82	12.92	12.66	12.85	1311656	18754684.00
2021-01-20	12.82	13.29	12.76	13.16	1705800	24840716.00
2021-01-21	13.20	13.36	13.08	13.11	1695400	24930568.00
2021-01-22	13.13	13.80	13.08	13.37	3461280	51619716.00
2021-01-25	13.47	13.53	12.75	13.42	2651920	38834664.00
2021-01-26	13.34	13.86	13.19	13.48	2697169	40785184.00
2021-01-27	13.28	13.55	13.06	13.37	1637369	24189792.00
2021-01-28	13.35	13.61	12.72	12.81	1555569	22758900.00
2021-01-29	12.80	12.99	12.30	12.43	1453970	20494030.00
2021-02-01	12.39	13.08	12.35	13.04	1370200	19591444.00
2021-02-02	12.93	13.19	12.75	12.78	1081007	15617456.00
2021-02-03	12.78	12.95	12.18	12.35	1128815	15801683.00
2021-02-04	12.22	12.57	12.14	12.24	985276	13619878.00
2021-02-05	12.31	13.61	12.10	13.61	2599044	38069448.00
2021-02-08	14.00	14.30	12.85	12.95	4003085	59658624.00
2021-02-09	12.91	13.03	12.36	12.75	2409231	33904368.00
2021-02-10	12.58	13.00	12.40	12.49	1811016	25552516.00
2021-02-18	12.61	12.94	12.31	12.81	1677018	23891690.00
2021-02-19	12.78	13.34	12.72	13.23	1953734	28601420.00
2021-02-22	13.25	13.67	13.12	13.17	2107235	31398352.00
2021-02-23	13.10	13.47	12.98	13.44	1472978	21722520.00
2021-02-24	13.44	13.61	13.26	13.56	1759804	26332638.00
2021-02-25	13.57	13.60	13.16	13.20	1394578	20667052.00
2021-02-26	13.05	13.49	13.00	13.38	1213900	17973110.00
2021-03-01	13.47	13.60	13.41	13.49	1233228	18502460.00
2021-03-02	13.58	13.93	13.44	13.54	1740028	26355568.00
2021-03-03	13.51	13.67	13.38	13.55	1201237	18042992.00
2021-03-04	13.53	13.79	13.24	13.28	1367228	20497628.00
2021-03-05	13.28	13.81	13.11	13.69	1643403	24810990.00
2021-03-08	13.75	14.15	13.62	13.80	2281500	35065284.00
2021-03-09	13.98	13.98	13.17	13.39	1488500	22319752.00
2021-03-10	13.44	13.45	12.89	13.03	1379200	20166112.00
2021-03-11	13.00	13.34	12.98	13.28	946447	13910624.00
2021-03-12	13.19	13.28	13.03	13.10	926382	13550842.00
2021-03-15	13.08	13.13	12.76	12.88	860718	12431239.00
2021-03-16	12.90	13.20	12.90	13.12	808000	11797692.00
2021-03-17	13.15	13.58	13.10	13.42	1252808	18611364.00
2021-03-18	13.42	13.72	13.29	13.54	1491008	22332744.00
2021-03-19	13.60	14.00	13.47	13.74	2290908	34914304.00
2021-03-22	13.78	14.05	13.70	14.05	2138616	32954524.00
2021-03-23	14.01	14.04	13.55	13.58	1531469	23303298.00
2021-03-24	13.64	13.75	13.45	13.64	1058300	15984710.00
2021-03-25	13.69	13.80	13.48	13.48	1112088	16827320.00
2021-03-26	13.55	13.77	13.36	13.58	1125706	16952668.00
2021-03-29	13.56	13.88	13.40	13.76	1364300	20631492.00
2021-03-30	13.75	13.87	13.48	13.72	1272853	19289776.00
2021-03-31	14.32	15.18	14.10	14.20	6017624	96068616.00
2021-04-01	13.91	15.47	13.91	15.13	6440424	106019792.00
2021-04-02	14.67	15.39	14.38	15.00	4878253	79778648.00
2021-04-06	14.79	15.22	14.61	15.05	2879670	47309752.00
2021-04-07	15.08	15.42	14.55	15.19	5156084	84928976.00
2021-04-08	15.01	15.78	15.00	15.00	5577714	93849560.00
2021-04-09	14.88	16.30	14.76	15.75	6810981	115996104.00
2021-04-12	15.80	16.11	15.33	15.60	4972022	84978840.00
2021-04-13	15.47	15.86	14.70	15.20	3977656	66381704.00
2021-04-14	15.26	16.87	15.26	16.87	2897899	51824352.00
2021-04-15	18.71	18.71	17.78	18.71	6981642	140858496.00
2021-04-16	16.74	18.00	16.69	16.69	12312700	229417200.00
2021-04-19	15.76	16.00	15.32	15.80	8382214	144031872.00
2021-04-20	15.58	15.99	15.50	15.64	5230600	90207368.00
2021-04-21	15.60	16.99	15.60	16.74	7404906	130096816.00
2021-04-22	16.08	17.08	15.75	17.05	6476891	116503776.00
2021-04-23	17.43	17.78	15.60	15.62	8169889	147008800.00
2021-04-26	14.92	15.19	13.91	13.91	6935675	109941616.00
2021-04-27	13.90	14.05	13.51	13.79	2986244	45441268.00
2021-04-28	13.84	13.88	13.45	13.54	2422400	36595360.00
2021-04-29	13.65	13.94	13.52	13.54	2210295	33573544.00
2021-04-30	13.54	13.59	13.08	13.12	2319291	34102400.00
2021-05-06	12.98	13.23	12.95	13.10	1254828	18362590.00
2021-05-07	13.10	13.28	12.94	12.98	1201368	17444436.00
2021-05-10	12.98	13.04	12.65	12.87	1731240	24720512.00
2021-05-11	12.85	13.33	12.75	13.20	1860940	27190102.00
2021-05-12	13.00	13.17	12.96	13.14	1250200	18204620.00
2021-05-13	13.05	13.18	12.98	13.00	1259200	18331718.00
2021-05-14	13.00	13.13	12.98	13.11	1222800	17824040.00
2021-05-17	13.11	13.11	12.63	12.84	1579300	22565464.00
2021-05-18	12.80	12.98	12.70	12.98	1096128	15686652.00
2021-05-19	12.92	13.05	12.81	13.01	1002997	14513367.00
2021-05-20	12.95	13.17	12.81	13.08	1187997	17253588.00
2021-05-21	13.11	13.44	13.00	13.29	1756197	25935688.00
2021-05-24	13.30	13.40	13.10	13.19	1033300	15212694.00
2021-05-25	13.12	13.35	13.01	13.29	1245953	18306310.00
2021-05-26	13.26	13.47	13.20	13.42	1452725	21647674.00
2021-05-27	13.42	13.73	13.35	13.62	1403900	21184848.00
2021-05-28	13.72	14.04	13.60	13.63	2786056	42780784.00
2021-05-31	13.55	13.69	13.32	13.67	1502400	22520988.00
2021-06-01	13.61	13.86	13.56	13.69	1205100	18304148.00
2021-06-02	13.80	13.85	13.67	13.70	1200053	18293920.00
2021-06-03	13.68	13.79	13.60	13.60	1129900	17157908.00
2021-06-04	13.60	13.66	13.38	13.41	1069797	16014507.00
2021-06-07	13.41	13.56	13.36	13.44	814083	12147521.00
2021-06-08	13.47	13.65	13.39	13.55	810300	12177947.00
2021-06-09	13.55	13.65	13.47	13.63	517262	7787029.00
2021-06-10	13.60	13.69	13.54	13.62	855131	12929772.00
2021-06-11	13.68	14.17	13.68	13.81	2710131	41922184.00
2021-06-15	13.70	13.78	13.12	13.21	2121100	31552592.00
2021-06-16	13.28	13.28	12.91	12.97	1027597	14905940.00
2021-06-17	13.00	13.07	12.90	13.01	640969	9295570.00
2021-06-18	13.02	13.07	12.88	13.06	486700	7048855.00
2021-06-21	12.97	13.20	12.90	13.13	626700	9130626.00
2021-06-22	13.12	13.39	13.12	13.30	834822	12329158.00
2021-06-23	13.25	13.34	13.21	13.28	626538	9257694.00
2021-06-24	13.28	13.28	13.13	13.18	640427	9419803.00
2021-06-25	13.20	13.34	13.17	13.31	800269	11813784.00
2021-06-28	13.26	13.43	13.25	13.37	693169	10301834.00
2021-06-29	13.36	13.36	13.10	13.22	739500	10897140.00
2021-06-30	13.18	13.32	13.11	13.17	536700	7886430.00
2021-07-01	13.17	13.26	13.00	13.00	495700	7264683.00
2021-07-02	13.00	13.01	12.85	12.90	611097	8816276.00
2021-07-05	12.88	13.30	12.88	13.12	658900	9598834.00
2021-07-06	13.06	13.28	12.97	13.12	748100	10947135.00
2021-07-07	13.13	13.25	13.08	13.21	668997	9835206.00
2021-07-08	13.26	13.30	12.90	13.05	898381	13053438.00
2021-07-09	12.95	13.08	12.88	13.03	486700	7046232.00
2021-07-12	13.04	13.14	13.01	13.04	700300	10199911.00
2021-07-13	13.06	13.16	12.99	13.14	680200	9931024.00
2021-07-14	13.14	13.42	13.11	13.18	1001256	14735219.00
2021-07-15	13.15	13.17	12.89	13.01	765721	11114446.00
2021-07-16	13.01	13.06	12.80	12.80	646421	9335749.00
2021-07-19	12.80	12.92	12.25	12.43	1490200	20738976.00
2021-07-20	12.39	12.50	12.26	12.41	468500	6492236.00
2021-07-21	12.42	12.57	12.42	12.48	523300	7326312.00
2021-07-22	12.57	12.57	12.39	12.50	495077	6917966.00
2021-07-23	12.49	12.58	12.21	12.22	937208	12974985.00
2021-07-26	12.24	12.32	11.93	11.98	636578	8626048.00
2021-07-27	12.08	12.25	11.98	12.00	713357	9713713.00
2021-07-28	12.05	12.60	11.67	12.20	1475166	20143464.00
2021-07-29	12.14	12.37	12.14	12.27	845377	11660182.00
2021-07-30	12.19	12.33	12.12	12.29	653203	8967827.00
2021-08-02	12.30	12.44	12.19	12.39	635169	8789847.00
2021-08-03	12.41	12.48	12.37	12.40	734214	10214436.00
2021-08-04	12.40	12.48	12.36	12.40	557892	7750207.00
2021-08-05	12.45	12.70	12.33	12.43	921700	12889412.00
2021-08-06	12.54	12.54	12.23	12.42	881214	12193247.00
2021-08-09	12.36	12.57	12.30	12.50	946407	12926888.00
2021-08-10	12.54	12.68	12.48	12.65	602911	8321560.00
2021-08-11	12.82	13.03	12.73	12.77	1303264	18318050.00
2021-08-12	12.96	12.96	12.72	12.72	910600	12760334.00
2021-08-13	12.72	12.76	12.59	12.66	808900	11220116.00
2021-08-16	12.69	12.86	12.69	12.81	687328	9613630.00
2021-08-17	12.80	13.01	12.55	12.56	971928	13563009.00
2021-08-18	12.47	12.75	12.47	12.74	690417	9566686.00
2021-08-19	12.73	12.82	12.63	12.66	447728	6228572.00
2021-08-20	12.58	12.76	12.43	12.57	581709	8000299.00
2021-08-23	12.60	12.93	12.56	12.88	851714	11931478.00
2021-08-24	12.92	12.98	12.78	12.89	673869	9485657.00
2021-08-25	12.94	12.99	12.83	12.99	658828	9309302.00
2021-08-26	12.95	13.07	12.85	13.03	826370	11695595.00
2021-08-27	13.00	13.06	12.71	12.80	658111	9235961.00
2021-08-30	12.80	12.95	12.70	12.76	674100	9460141.00
2021-08-31	12.78	12.85	12.57	12.63	832640	11573215.00
2021-09-01	12.68	13.00	12.62	12.97	1337740	18806416.00
2021-09-02	12.95	13.02	12.78	12.97	932800	13147028.00
2021-09-03	12.97	13.05	12.89	12.99	775897	11006477.00
2021-09-06	13.04	13.10	12.92	13.05	764428	10862040.00
2021-09-07	13.30	13.60	13.14	13.17	1650930	23851106.00
2021-09-08	13.19	13.39	13.17	13.36	1306033	18915274.00
2021-09-09	13.30	13.39	13.24	13.27	767400	11121601.00
2021-09-10	13.34	13.45	13.14	13.19	897697	12962979.00
2021-09-13	13.25	13.32	13.12	13.30	852548	12284533.00
2021-09-14	13.29	13.35	13.01	13.06	673700	9668744.00
2021-09-15	13.09	13.28	12.98	13.23	745392	10675557.00
2021-09-16	13.23	13.36	13.06	13.07	940112	13563496.00
2021-09-17	13.00	13.12	12.83	13.06	738200	10457268.00
2021-09-22	12.93	13.01	12.80	12.90	788269	11091388.00
2021-09-23	12.91	13.12	12.89	12.95	594481	8452717.00
2021-09-24	13.28	13.29	12.71	12.72	957400	13451268.00
2021-09-27	12.72	12.78	12.30	12.32	742294	10121521.00
2021-09-28	12.33	12.43	12.27	12.39	451100	6103305.00
2021-09-29	12.36	12.37	12.11	12.11	529608	7102624.00
2021-09-30	12.10	12.23	12.01	12.22	478955	6405511.00
2021-10-08	12.25	12.56	12.25	12.48	779055	10628423.00
2021-10-11	12.57	12.99	12.43	12.69	887835	12293275.00
2021-10-12	12.59	12.78	12.51	12.61	601800	8325541.00
2021-10-13	12.61	12.84	12.58	12.76	659600	9187603.00
2021-10-14	12.67	12.85	12.67	12.78	509800	7124006.00
2021-10-15	12.88	12.88	12.67	12.71	588840	8232253.00
2021-10-18	12.89	12.89	12.50	12.85	318097	4452350.00
2021-10-19	12.71	12.82	12.58	12.60	473600	6585024.00
2021-10-20	12.66	12.72	12.47	12.50	371900	5110754.00
2021-10-21	12.56	12.67	12.30	12.38	456500	6221278.00
2021-10-22	12.36	12.51	12.28	12.28	490797	6651298.00
2021-10-25	12.30	12.35	12.13	12.24	225440	3036139.00
2021-10-26	12.25	12.33	12.16	12.19	335700	4508442.00
2021-10-27	12.19	12.26	11.80	11.85	701800	9222706.00
2021-10-28	11.85	11.95	11.76	11.92	382800	4997227.00
2021-10-29	11.92	12.09	11.87	12.06	315600	4161463.00
2021-11-01	12.07	12.38	12.02	12.27	526100	7076968.00
2021-11-02	12.34	12.39	12.16	12.22	511362	6903049.00
2021-11-03	12.22	12.47	12.15	12.39	490340	6632131.00
2021-11-04	12.39	12.65	12.34	12.55	448466	6150373.00
2021-11-05	12.60	12.74	12.48	12.58	484100	6684669.00
2021-11-08	12.52	12.78	12.52	12.71	449100	6248163.00
2021-11-09	12.73	12.84	12.67	12.83	537070	7513800.00
2021-11-10	12.83	12.91	12.71	12.90	576900	8094869.00
2021-11-11	12.89	13.11	12.77	12.97	787098	11199669.00
2021-11-12	12.98	13.43	12.90	13.22	1210212	17450208.00
2021-11-15	13.24	13.38	13.16	13.31	880157	12752497.00
2021-11-16	13.31	13.82	13.23	13.52	2344281	34725288.00
2021-11-17	13.49	13.76	13.31	13.61	1244086	18296624.00
2021-11-18	13.67	13.81	13.29	13.31	871900	12839674.00
2021-11-19	13.71	13.71	13.22	13.44	696316	10189937.00
2021-11-22	13.41	13.64	13.35	13.47	528800	7761487.00
2021-11-23	13.31	13.60	13.31	13.47	586000	8609670.00
2021-11-24	13.79	13.79	13.40	13.60	769528	11373597.00
2021-11-25	13.66	13.90	13.52	13.63	887500	13238654.00
2021-11-26	13.63	13.72	13.41	13.55	435800	6419826.00
2021-11-29	13.23	13.37	13.15	13.16	521200	7519780.00
2021-11-30	13.26	13.60	13.23	13.44	703194	10301479.00
2021-12-01	13.44	13.75	13.39	13.68	920000	13662995.00
2021-12-02	13.70	13.81	13.47	13.56	436500	6456576.00
2021-12-03	13.52	13.79	13.41	13.69	719500	10693458.00
2021-12-06	13.73	13.79	13.22	13.32	647600	9472233.00
2021-12-07	13.37	13.65	12.93	13.05	1250600	17929542.00
2021-12-08	13.13	13.25	13.01	13.09	429969	6147557.00
2021-12-09	13.09	14.52	13.09	13.84	4177990	63578792.00
2021-12-10	13.83	13.89	13.47	13.51	1987600	29419020.00
2021-12-13	13.52	13.77	13.41	13.42	1452800	21383480.00
2021-12-14	13.44	13.85	13.30	13.70	1551528	22981714.00
2021-12-15	13.77	13.80	13.60	13.66	800900	11915779.00
2021-12-16	13.66	13.76	13.61	13.76	946700	14104704.00
2021-12-17	13.76	15.26	13.64	15.26	6059609	96803960.00
2021-12-20	16.10	16.10	14.71	15.80	10247643	171498480.00
2021-12-21	15.36	15.78	15.06	15.72	5734778	94881192.00
2021-12-22	17.41	17.41	16.55	17.41	10148527	187303008.00
2021-12-23	18.71	19.27	17.80	19.27	17335127	350804768.00
2021-12-24	19.68	20.10	17.22	17.22	12288111	241975056.00
2021-12-27	15.38	15.38	15.38	15.38	1572900	26078682.00
2021-12-28	14.00	16.46	13.72	15.24	16016381	248286320.00
2021-12-29	14.37	14.57	13.96	14.19	9123179	141067968.00
2021-12-30	14.15	14.35	14.03	14.29	6192199	95225816.00
2021-12-31	14.15	14.25	14.01	14.04	4403900	67391144.00
2022-01-04	14.03	14.46	13.97	14.32	5647200	87269992.00
2022-01-05	14.34	14.47	14.05	14.33	4919290	75990680.00
2022-01-06	14.21	14.63	14.16	14.41	4446500	69570192.00
2022-01-07	14.40	14.70	14.01	14.19	5279900	82287888.00
2022-01-10	14.15	14.32	13.81	14.23	3118700	47921660.00
2022-01-11	14.29	14.55	14.24	14.41	3331700	51967632.00
2022-01-12	14.34	14.72	14.10	14.59	3609802	56759944.00
2022-01-13	14.68	15.20	14.50	15.00	5497552	88713408.00
2022-01-14	14.83	15.05	14.30	14.42	4717200	74609216.00
2022-01-17	14.38	14.71	14.28	14.54	3005502	47227432.00
2022-01-18	14.54	14.55	13.94	14.00	3485400	53305324.00
2022-01-19	14.00	14.65	13.97	14.54	3908702	60943180.00
2022-01-20	14.65	14.65	13.81	13.89	3159400	48109204.00
2022-01-21	13.81	14.00	13.39	13.70	2092801	31024120.00
2022-01-24	13.60	13.72	13.36	13.52	1047600	15418173.00
2022-01-25	13.40	13.52	12.72	12.72	1972390	28048074.00
2022-01-26	12.73	13.10	12.73	13.00	1362300	19281402.00
2022-01-27	13.04	13.05	12.65	12.82	1845300	25921094.00
2022-01-28	12.82	13.98	12.81	13.65	3754900	55243416.00
2022-02-07	13.71	14.11	13.35	14.04	2287790	34370044.00
2022-02-08	13.95	14.29	13.83	14.26	1775300	27147392.00
2022-02-09	14.20	14.91	14.05	14.80	3816590	60004056.00
2022-02-10	14.89	15.21	14.46	15.00	3497197	56073296.00
2022-02-11	15.06	15.20	14.50	14.52	1669700	26560630.00
2022-02-14	14.53	14.73	14.31	14.58	1492200	23533736.00
2022-02-15	14.48	15.08	14.28	14.98	2874000	45966944.00
2022-02-16	15.07	15.73	14.82	15.72	3704200	61187880.00
2022-02-17	15.72	15.72	15.11	15.21	3168766	52291316.00
2022-02-18	15.28	15.38	14.86	15.31	1537700	25185620.00
2022-02-21	15.30	15.38	15.01	15.32	1587700	26034800.00
2022-02-22	15.32	15.32	14.85	15.04	1566500	25439626.00
2022-02-23	15.01	15.18	14.68	14.78	1457500	23344316.00
2022-02-24	14.74	14.99	14.00	14.35	1593901	25029000.00
2022-02-25	14.35	14.72	14.35	14.62	1019800	16122906.00
2022-02-28	14.68	14.68	14.20	14.39	777200	12116285.00
2022-03-01	14.39	14.58	14.23	14.37	849600	13229184.00
2022-03-02	14.26	14.47	14.21	14.32	814777	12666205.00
2022-03-03	14.32	15.22	14.30	15.10	2324300	37275000.00
2022-03-04	15.27	15.27	14.61	14.85	1992200	32192092.00
2022-03-07	14.86	14.94	14.41	14.60	1238009	19640864.00
2022-03-08	14.53	14.56	13.76	13.86	1343700	20500532.00
2022-03-09	13.86	13.99	12.92	13.60	1144700	16897882.00
2022-03-10	13.73	14.33	13.73	14.25	1327428	20339176.00
2022-03-11	14.20	14.28	13.79	14.19	1020500	15532422.00
2022-03-14	14.10	14.10	13.67	13.67	607500	9181068.00
2022-03-15	13.55	13.74	12.86	12.90	935469	13582518.00
2022-03-16	13.05	13.35	12.62	13.23	959200	13604344.00
2022-03-17	13.32	13.73	13.32	13.51	998500	14715970.00
2022-03-18	13.59	13.97	13.40	13.80	909481	13622846.00
2022-03-21	13.89	14.12	13.80	14.11	914000	13899991.00
2022-03-22	14.13	14.79	13.83	14.41	1769600	27465144.00
2022-03-23	14.40	14.47	14.10	14.28	1174400	18173708.00
2022-03-24	14.15	14.21	13.85	13.99	923400	14038075.00
2022-03-25	14.02	14.29	13.90	14.01	702800	10769002.00
2022-03-28	14.00	14.19	13.61	14.04	744100	11266138.00
2022-03-29	14.06	14.19	13.55	13.63	760200	11370824.00
2022-03-30	13.76	14.02	13.45	13.99	862100	12940832.00
2022-03-31	13.97	14.53	13.91	14.30	1415500	21952150.00
2022-04-01	14.32	14.46	13.92	13.97	988500	15070956.00
2022-04-06	14.09	14.75	13.98	14.65	1761400	27743346.00
2022-04-07	14.47	14.75	14.18	14.18	1290800	20217436.00
2022-04-08	14.18	15.22	14.10	14.90	3247500	51802672.00
2022-04-11	14.75	15.28	14.56	14.86	4465300	72413136.00
2022-04-12	14.80	15.14	14.30	15.10	2728469	43395620.00
2022-04-13	15.00	15.00	14.15	14.47	2115621	33233676.00
2022-04-14	14.48	14.85	14.32	14.53	1767500	27785572.00
2022-04-15	14.35	14.50	13.43	13.46	2258700	33759632.00
2022-04-18	13.30	14.09	12.96	14.09	1561600	23241436.00
2022-04-19	14.23	14.23	13.62	13.86	968801	14566024.00
2022-04-20	13.99	15.07	13.92	14.16	2045701	32057812.00
2022-04-21	14.16	14.65	13.57	13.62	1627000	24843528.00
2022-04-22	13.27	13.93	13.23	13.58	1011000	14949842.00
2022-04-25	13.53	13.58	12.34	12.63	1592300	22493180.00
2022-04-26	12.73	12.80	11.76	11.77	1287700	17222576.00
2022-04-27	11.63	12.00	11.18	12.00	1373000	17539598.00
2022-04-28	11.90	12.23	11.21	11.42	1053900	13494825.00
2022-04-29	11.59	12.29	11.58	12.22	1204800	15941603.00
2022-05-05	12.29	12.55	11.86	12.35	1119100	15032101.00
2022-05-06	12.02	12.23	11.82	11.86	803600	10596745.00
2022-05-09	12.02	12.43	11.80	12.36	889300	11932933.00
2022-05-10	12.03	12.57	12.03	12.49	871100	11855182.00
2022-05-11	12.53	12.84	12.52	12.54	1273200	17681104.00
2022-05-12	12.53	12.90	12.37	12.80	898200	12486459.00
2022-05-13	12.80	13.20	12.80	12.90	718600	10170368.00
2022-05-16	13.10	13.15	12.79	12.94	617349	8770269.00
2022-05-17	12.94	12.97	12.52	12.72	543100	7527916.00
2022-05-18	12.77	13.05	12.61	12.98	521700	7374836.00
2022-05-19	12.80	13.15	12.69	13.00	710666	10097211.00
2022-05-20	13.11	13.18	12.93	13.02	548500	7802956.00
2022-05-23	13.05	13.16	12.93	12.99	400900	5698158.00
2022-05-24	13.02	13.05	12.26	12.34	811300	11234540.00
2022-05-25	12.34	12.65	12.34	12.60	534500	7340617.00
2022-05-26	12.60	12.64	12.31	12.62	561600	7695726.00
2022-05-27	12.71	12.79	12.53	12.65	452300	6278319.00
2022-05-30	12.97	12.98	12.67	12.98	596600	8379573.00
2022-05-31	12.98	13.44	12.74	13.14	1169000	16841654.00
2022-06-01	13.14	13.46	13.02	13.28	667700	9683404.00
2022-06-02	13.39	13.40	13.05	13.36	559727	8089066.00
2022-06-06	13.21	13.89	13.21	13.85	1165478	17397468.00
2022-06-07	13.89	14.10	13.56	13.68	776627	11626761.00
2022-06-08	13.70	13.97	13.50	13.79	1133400	16979816.00
2022-06-09	13.79	14.05	13.40	13.50	728900	10777582.00
2022-06-10	13.50	13.58	13.26	13.30	707400	10323563.00
2022-06-13	13.29	13.39	12.83	13.30	822800	11847137.00
2022-06-14	13.20	13.27	12.79	13.15	684200	9699228.00
2022-06-15	13.28	13.29	13.02	13.07	737800	10571333.00
2022-06-16	13.07	13.16	12.98	13.05	360300	5136219.00
2022-06-17	12.97	13.15	12.69	12.88	594100	8354009.00
2022-06-20	12.88	13.47	12.88	13.37	875400	12648009.00
2022-06-21	13.48	13.59	13.16	13.36	710900	10374615.00
2022-06-22	13.53	13.53	13.18	13.31	509700	7391061.00
2022-06-23	13.35	13.46	13.08	13.35	683900	9911580.00
2022-06-24	13.46	13.54	13.39	13.54	675800	9914896.00
2022-06-27	13.55	13.85	13.41	13.62	783500	11674219.00
2022-06-28	13.78	13.85	13.52	13.73	700400	10438289.00
2022-06-29	13.87	13.96	13.46	13.56	761900	11067120.00
2022-06-30	13.40	13.76	13.40	13.65	738856	10732555.00
2022-07-01	13.85	15.11	13.54	13.97	2205497	33249596.00
2022-07-04	13.89	14.16	13.48	13.57	1657600	24201232.00
2022-07-05	13.62	13.69	13.04	13.32	1206800	17107900.00
2022-07-06	13.32	13.32	12.88	13.02	875112	12183615.00
2022-07-07	13.08	13.16	12.93	12.94	678641	9431071.00
2022-07-08	12.96	13.18	12.96	13.16	603478	8461182.00
2022-07-11	13.28	13.28	12.93	13.23	576900	8092810.00
2022-07-12	13.15	13.30	12.76	12.81	1068200	14828761.00
2022-07-13	12.82	13.25	12.65	13.20	862800	12076459.00
2022-07-14	13.29	13.30	13.10	13.22	580390	8193401.00
2022-07-15	13.13	13.28	12.86	12.88	639000	8857548.00
2022-07-18	12.88	13.37	12.76	13.35	859600	12164694.00
2022-07-19	13.41	13.86	13.27	13.79	1499112	21756804.00
2022-07-20	13.88	14.56	13.66	14.16	2105700	31899290.00
2022-07-21	14.26	14.56	13.91	14.24	1361700	20702064.00
2022-07-22	14.33	14.86	13.97	14.53	1599897	24587860.00
2022-07-25	14.48	14.95	14.23	14.76	1948597	30534562.00
2022-07-26	14.76	15.19	14.56	15.14	2300200	36537508.00
2022-07-27	15.10	15.28	14.89	14.94	1663300	26480408.00
2022-07-28	15.06	15.20	14.85	14.89	1240432	19751448.00
2022-07-29	14.82	15.35	14.59	14.59	1284100	20374016.00
2022-08-01	14.85	15.76	14.38	15.65	3665197	59184784.00
2022-08-02	16.10	16.10	14.03	14.40	3277141	51110784.00
2022-08-03	14.50	14.90	14.03	14.13	1686700	26011422.00
2022-08-04	14.24	14.69	14.21	14.63	1341500	20654240.00
2022-08-05	14.96	14.96	14.32	14.48	1374361	21272676.00
2022-08-08	14.50	14.61	14.25	14.32	1069248	16264782.00
2022-08-09	14.33	14.58	14.20	14.39	790275	12065161.00
2022-08-10	14.30	14.59	14.25	14.59	1099225	16799744.00
2022-08-11	14.64	15.73	14.61	15.49	3165121	51430380.00
2022-08-12	15.49	15.55	15.25	15.48	1556800	25398152.00
2022-08-15	15.69	15.71	15.10	15.69	2051300	33844960.00
2022-08-16	15.74	16.28	15.36	16.12	3235100	54496488.00
2022-08-17	16.07	16.38	16.00	16.20	1858121	31704146.00
2022-08-18	16.20	16.34	15.82	16.15	1384000	23496426.00
2022-08-19	16.11	16.35	15.90	16.00	1327700	22561272.00
2022-08-22	16.11	16.21	15.81	16.17	1441800	24493156.00
2022-08-23	16.21	16.21	15.95	16.13	757200	12857675.00
2022-08-24	16.13	16.16	15.40	15.63	1550697	25793254.00
2022-08-25	15.40	16.01	15.40	15.80	1127397	18784754.00
2022-08-26	15.91	15.92	15.57	15.73	817897	13639412.00
2022-08-29	15.71	16.18	14.92	16.13	1076100	17818620.00
2022-08-30	16.24	16.29	15.57	15.75	950660	15861469.00
2022-08-31	15.75	15.99	15.18	15.27	923997	15103532.00
2022-09-01	15.39	15.87	15.11	15.66	871200	14354428.00
2022-09-02	15.67	16.07	15.50	16.01	833900	14006973.00
2022-09-05	16.00	16.25	15.64	15.88	689300	11546091.00
2022-09-06	15.90	16.10	15.80	15.97	844511	14253801.00
2022-09-07	15.97	16.15	15.65	15.90	834600	13997056.00
2022-09-08	16.08	16.09	15.61	15.86	503500	8406468.00
2022-09-09	15.99	16.19	15.86	15.94	721700	12183683.00
2022-09-13	15.95	16.75	15.90	16.31	1210800	20925172.00
2022-09-14	16.16	16.26	15.76	15.83	838700	14161021.00
2022-09-15	15.81	16.09	15.45	15.74	701400	11685220.00
2022-09-16	15.73	15.77	14.90	14.91	709700	11440001.00
2022-09-19	14.75	15.28	14.61	14.93	716700	11331201.00
2022-09-20	14.94	16.10	14.94	15.19	629328	10158871.00
2022-09-21	15.35	15.51	14.90	15.15	406400	6512331.00
2022-09-22	16.73	16.73	15.07	15.20	2212300	36609908.00
2022-09-23	14.96	14.96	13.92	14.19	1646297	25295858.00
2022-09-26	13.90	14.34	13.76	13.92	1519295	22509282.00
2022-09-27	13.97	14.19	13.83	14.10	742910	11050576.00
2022-09-28	14.10	14.28	13.35	13.61	835214	12275052.00
2022-09-29	13.76	13.83	13.21	13.54	984200	14143393.00
2022-09-30	13.37	13.54	13.16	13.32	477156	6771606.00
2022-10-10	13.32	13.57	12.82	12.92	483203	6754114.00
2022-10-11	12.65	13.10	12.65	13.07	531102	7304753.00
2022-10-12	13.10	13.30	12.90	13.29	638455	8952359.00
2022-10-13	14.08	14.08	13.26	13.90	1102055	16100342.00
2022-10-14	13.90	14.25	13.65	14.14	1156700	17302064.00
2022-10-17	14.23	14.27	14.04	14.10	563600	8470752.00
2022-10-18	14.11	14.41	14.06	14.38	681000	10343364.00
2022-10-19	14.38	14.52	14.11	14.46	447100	6842758.00
2022-10-20	14.60	14.62	14.16	14.27	472267	7184992.00
2022-10-21	14.36	14.47	14.19	14.40	271978	4153317.00
2022-10-24	14.54	14.66	14.11	14.11	454500	6961278.00
2022-10-25	14.32	14.39	14.01	14.18	388100	5837980.00
2022-10-26	14.33	14.45	14.19	14.39	442800	6741632.00
2022-10-27	14.29	14.76	14.29	14.59	553100	8577629.00
2022-10-28	14.55	14.58	13.35	13.90	485000	7310897.00
2022-10-31	13.91	14.17	13.76	13.88	523000	7753337.00
2022-11-01	13.91	14.55	13.66	14.51	752200	11361188.00
2022-11-02	14.25	14.74	14.25	14.54	694000	10767395.00
2022-11-03	14.54	14.69	14.13	14.39	427200	6512109.00
2022-11-04	14.38	14.57	14.21	14.38	630328	9639594.00
2022-11-07	14.55	14.69	14.30	14.50	605603	9284693.00
2022-11-08	14.59	14.59	14.32	14.44	558900	8573515.00
2022-11-09	14.38	14.62	14.36	14.52	652628	10047344.00
2022-11-10	14.52	14.61	14.13	14.16	673628	10231210.00
2022-11-11	14.50	15.20	14.33	14.76	1591444	24836960.00
2022-11-14	15.25	15.47	14.43	14.46	1876441	29665260.00
2022-11-15	14.68	14.68	14.26	14.40	966000	14767705.00
2022-11-16	14.43	14.66	14.27	14.40	626400	9606413.00
2022-11-17	14.52	15.04	14.35	14.87	1080123	16884420.00
2022-11-18	14.81	14.98	14.31	14.34	1010000	15641338.00
2022-11-21	14.34	14.43	13.93	14.41	837300	12597647.00
2022-11-22	14.42	14.66	14.27	14.35	582500	8948349.00
2022-11-23	14.18	14.51	14.05	14.38	601200	9122381.00
2022-11-24	14.40	14.75	14.37	14.53	668769	10341924.00
2022-11-25	14.52	14.74	14.52	14.64	735228	11428970.00
2022-11-28	14.24	14.63	14.18	14.37	756100	11555561.00
2022-11-29	14.45	15.00	14.45	14.85	1051165	16479214.00
2022-11-30	14.87	14.90	14.52	14.65	677600	10555306.00
2022-12-01	14.71	15.09	14.66	14.91	901700	14227651.00
2022-12-02	14.83	15.00	14.78	14.82	601028	9485379.00
2022-12-05	14.82	15.25	14.82	15.10	928600	14850228.00
2022-12-06	15.14	15.14	14.86	14.96	494600	7842154.00
2022-12-07	14.63	15.11	14.63	14.95	475700	7543814.00
2022-12-08	14.96	15.10	14.76	14.95	685548	10867763.00
2022-12-09	14.95	15.07	14.70	14.80	450400	7075952.00
2022-12-12	14.90	14.90	14.50	14.63	609700	9483889.00
2022-12-13	14.63	16.10	14.40	14.73	938200	14622275.00
2022-12-14	14.69	14.73	14.33	14.39	481448	7405891.00
2022-12-15	14.47	14.57	14.40	14.50	580400	8921370.00
2022-12-16	14.40	14.40	14.16	14.22	409500	6208394.00
2022-12-19	14.22	14.60	13.73	13.74	672069	10000176.00
2022-12-20	13.94	13.94	13.50	13.76	525800	7701965.00
2022-12-21	13.79	14.03	13.59	13.79	572323	8413181.00
2022-12-22	13.96	14.08	13.29	13.32	546700	7906394.00
2022-12-23	13.31	13.45	13.00	13.13	750900	10573902.00
2022-12-26	13.35	13.35	13.00	13.15	480300	6722028.00
2022-12-27	13.24	13.33	13.06	13.24	534200	7528777.00
2022-12-28	13.16	13.29	12.83	13.07	684900	9510770.00
2022-12-29	13.04	13.05	12.71	12.72	677648	9289197.00
2022-12-30	12.75	12.90	12.63	12.85	533500	7297632.00
2023-01-03	12.85	13.25	12.85	13.21	860400	12026374.00
2023-01-04	13.30	13.56	13.11	13.34	909806	12984660.00
2023-01-05	13.34	13.47	13.16	13.35	507000	7211411.00
2023-01-06	13.51	13.77	13.21	13.29	714600	10248584.00
2023-01-09	13.34	13.49	13.18	13.25	580600	8257453.00
2023-01-10	13.30	13.35	13.02	13.23	520100	7308576.00
2023-01-11	13.16	13.25	12.97	13.01	474800	6652158.00
2023-01-12	13.01	13.61	12.88	13.13	1265072	17800636.00
2023-01-13	13.10	14.53	12.96	13.75	5635848	83949728.00
2023-01-16	13.40	13.86	13.38	13.64	4331272	62723160.00
2023-01-17	13.59	13.73	13.31	13.37	1955900	27987014.00
2023-01-18	13.42	13.60	13.32	13.50	1260900	18068696.00
2023-01-19	13.41	13.59	13.26	13.36	1201806	17150116.00
2023-01-20	13.35	13.54	13.31	13.52	1261400	18088362.00
2023-01-30	13.52	13.74	13.51	13.63	1477955	21431258.00
2023-01-31	13.61	13.78	13.51	13.78	1123506	16394028.00
2023-02-01	13.78	14.03	13.69	13.96	1371400	20267206.00
2023-02-02	14.05	14.05	13.88	13.90	1004400	14885650.00
2023-02-03	14.00	14.06	13.71	13.98	926700	13729587.00
2023-02-06	14.03	14.04	13.84	13.92	632400	9377092.00
2023-02-07	13.96	14.09	13.88	14.06	677200	10072589.00
2023-02-08	14.06	14.51	13.95	14.07	561400	8386465.00
2023-02-09	13.98	14.26	13.97	14.22	1000466	15083486.00
2023-02-10	14.23	14.30	14.11	14.25	590706	8928608.00
2023-02-13	14.30	14.44	14.15	14.34	1053200	16014111.00
2023-02-14	14.38	14.44	14.25	14.30	982103	14962509.00
2023-02-15	14.26	14.45	14.20	14.35	1112100	16942272.00
2023-02-16	14.40	14.40	13.71	13.85	1045800	15660909.00
2023-02-17	13.87	14.20	13.82	13.86	935600	13929248.00
2023-02-20	13.86	14.09	13.84	14.09	847800	12597301.00
2023-02-21	14.10	14.29	14.06	14.25	811800	12258828.00
2023-02-22	14.20	14.34	14.16	14.29	561700	8526139.00
2023-02-23	14.29	14.40	14.18	14.30	665700	10121279.00
2023-02-24	14.28	14.39	14.16	14.35	593900	9017626.00
2023-02-27	14.35	14.35	14.03	14.09	754000	11364734.00
2023-02-28	14.17	14.28	14.00	14.19	825900	12428711.00
2023-03-01	14.18	14.27	14.15	14.24	731500	11056031.00
2023-03-02	14.29	14.35	14.08	14.18	863300	13050037.00
2023-03-03	14.26	14.26	14.01	14.09	780700	11724741.00
2023-03-06	14.16	14.22	13.86	13.99	1126400	16776736.00
2023-03-07	14.01	14.05	13.68	13.70	835500	12303769.00
2023-03-08	13.70	13.93	13.61	13.91	795400	11736495.00
2023-03-09	13.91	14.09	13.82	14.05	800300	11917305.00
2023-03-10	14.04	14.12	13.77	13.77	712000	10579362.00
2023-03-13	13.95	13.95	13.48	13.74	956700	13945933.00
2023-03-14	13.74	13.75	13.27	13.30	834730	11979955.00
2023-03-15	13.50	13.71	13.35	13.71	574700	8327325.00
2023-03-16	13.78	13.78	13.36	13.41	506100	7277522.00
2023-03-17	13.60	13.62	13.36	13.40	580225	8340766.00
2023-03-20	13.45	13.69	13.33	13.40	807100	11593233.00
2023-03-21	13.36	13.83	13.33	13.79	1089800	15843281.00
2023-03-22	13.79	13.95	13.65	13.78	957100	14061520.00
2023-03-23	13.77	13.77	13.53	13.58	601900	8731192.00
2023-03-24	13.55	13.69	13.50	13.60	413900	5986936.00
2023-03-27	13.57	13.70	13.36	13.56	601400	8700707.00
2023-03-28	13.50	13.64	13.43	13.52	699000	10105544.00
2023-03-29	13.47	13.55	13.21	13.28	718069	10216623.00
2023-03-30	13.28	13.41	13.03	13.16	509300	7143145.00
2023-03-31	13.19	13.22	13.06	13.10	441600	6197989.00
2023-04-03	13.05	13.08	12.86	13.04	828300	11518650.00
2023-04-04	13.11	13.11	12.70	12.82	845800	11639113.00
2023-04-06	12.82	12.83	12.55	12.75	841569	11461861.00
2023-04-07	12.80	12.88	12.68	12.82	708500	9710796.00
2023-04-10	12.82	12.87	12.55	12.61	564600	7661827.00
2023-04-11	12.57	12.72	12.56	12.65	517900	7006281.00
2023-04-12	12.65	12.77	12.60	12.73	459722	6243582.00
2023-04-13	12.68	12.85	12.64	12.68	443025	6042418.00
2023-04-14	12.69	12.81	12.56	12.68	509700	6909135.00
2023-04-17	12.62	12.74	12.62	12.68	508800	6908283.00
2023-04-18	12.75	12.75	12.55	12.62	381900	5158619.00
2023-04-19	12.56	12.66	12.32	12.41	548800	7320315.00
2023-04-20	12.41	12.41	12.08	12.12	565754	7392503.00
2023-04-21	12.11	12.22	11.83	11.87	583900	7549077.00
2023-04-24	11.88	12.17	11.65	12.01	759600	9685133.00
2023-04-25	12.02	12.11	11.60	11.82	718900	9162370.00
2023-04-26	11.82	12.06	11.66	11.96	649600	8329063.00
2023-04-27	11.99	12.02	11.76	11.78	1101400	14100158.00
2023-04-28	11.93	12.50	11.88	12.49	1651569	21771888.00
2023-05-04	12.43	12.68	12.31	12.49	1161772	15541300.00
2023-05-05	12.49	12.55	12.24	12.27	824300	10891164.00
2023-05-08	12.33	12.69	12.24	12.31	826972	10970697.00
2023-05-09	12.34	12.50	11.89	12.05	643028	8378255.00
2023-05-10	12.02	12.30	12.02	12.28	701100	9168147.00
2023-05-11	12.38	12.52	12.26	12.44	911000	12135562.00
2023-05-12	12.45	12.55	12.32	12.38	614500	8192069.00
2023-05-15	12.36	12.56	12.15	12.36	676100	8933652.00
2023-05-16	12.46	12.46	12.00	12.19	739400	9702587.00
2023-05-17	12.15	12.59	12.13	12.58	908972	12122921.00
2023-05-18	12.57	12.75	12.53	12.65	714487	9679166.00
2023-05-19	12.75	12.75	12.41	12.50	945800	12669441.00
2023-05-22	12.46	12.65	12.29	12.53	971000	12958940.00
2023-05-23	12.44	12.79	12.44	12.63	1078000	14627693.00
2023-05-24	12.63	12.72	12.54	12.69	640330	8666364.00
2023-05-25	12.57	12.96	12.51	12.94	1254400	17142860.00
2023-05-26	12.94	13.19	12.46	12.57	1843211	24970686.00
2023-05-29	12.64	12.77	12.57	12.60	1123811	15232035.00
2023-05-30	12.69	12.69	12.47	12.58	807630	10883386.00
2023-05-31	12.60	12.69	12.45	12.50	815072	10939448.00
2023-06-01	12.43	12.56	12.26	12.34	762500	10090453.00
2023-06-02	12.39	12.85	12.35	12.82	1212900	16471846.00
2023-06-05	12.76	13.00	12.50	12.99	1342572	18355596.00
2023-06-06	12.99	12.99	12.57	12.65	919472	12563514.00
2023-06-07	12.67	12.95	12.61	12.91	1057672	14523589.00
2023-06-08	12.88	12.91	12.68	12.71	857200	11712777.00
2023-06-09	12.82	12.85	12.56	12.70	1065300	14512860.00
2023-06-12	12.75	13.12	12.52	13.08	1294900	17831192.00
2023-06-13	13.08	13.18	12.84	13.11	1068500	14919247.00
2023-06-14	13.16	13.17	12.98	13.15	575900	8049898.00
2023-06-15	13.18	13.18	12.93	13.06	582500	8116081.00
2023-06-16	12.95	13.28	12.95	13.12	1210800	16973354.00
2023-06-19	13.08	13.24	12.90	13.17	704900	9860456.00
2023-06-20	13.25	13.25	13.01	13.11	896387	12542908.00
2023-06-21	13.12	13.39	12.88	12.98	888636	12412483.00
2023-06-26	12.92	12.93	12.62	12.81	875600	11954019.00
2023-06-27	12.92	13.99	12.63	13.47	3350500	46808608.00
2023-06-28	13.47	13.47	13.03	13.35	1711287	23629394.00
2023-06-29	13.33	13.50	13.25	13.31	1120700	15642407.00
2023-06-30	14.70	14.70	13.26	13.26	8826900	129820680.00
2023-07-03	12.85	13.85	12.80	13.68	6475887	89914584.00
2023-07-04	13.43	14.14	13.39	13.79	4788500	68666336.00
2023-07-05	13.84	14.05	13.41	13.50	2988500	42581848.00
2023-07-06	13.42	13.50	13.30	13.35	1404400	19629960.00
2023-07-07	13.28	13.68	13.25	13.57	2264500	31870068.00
2023-07-10	13.51	13.61	13.32	13.45	1645500	23147512.00
2023-07-11	13.41	13.69	13.38	13.68	1666800	23663396.00
2023-07-12	13.87	13.88	13.56	13.61	1347800	19223492.00
2023-07-13	13.61	13.79	13.48	13.61	1607690	22867088.00
2023-07-14	13.84	13.84	13.56	13.60	1665200	23727208.00
2023-07-17	13.67	13.68	13.46	13.57	1632800	23087814.00
2023-07-18	13.57	13.83	13.48	13.69	2088800	29871024.00
2023-07-19	13.75	13.88	13.68	13.81	1498530	21539404.00
2023-07-20	13.78	13.89	13.60	13.70	1332530	19096196.00
2023-07-21	13.67	13.82	13.61	13.72	968630	13862653.00
2023-07-24	13.79	13.82	13.54	13.75	980930	14025376.00
2023-07-25	13.82	14.57	13.76	14.35	4241630	62965912.00
2023-07-26	14.39	14.50	14.23	14.46	2109190	31593854.00
2023-07-27	14.51	14.57	14.27	14.33	1627800	24349602.00
2023-07-28	14.19	14.53	14.19	14.37	1505000	22567396.00
2023-07-31	14.42	14.71	14.26	14.68	2884390	43855176.00
2023-08-01	14.68	14.82	14.53	14.82	2217800	33916400.00
2023-08-02	14.98	16.03	14.79	15.20	9146246	145958064.00
2023-08-03	15.13	15.20	14.61	15.03	5082866	78261944.00
2023-08-04	14.81	15.06	14.63	14.92	3041400	46933288.00
2023-08-07	14.83	15.39	14.70	15.24	3496300	54897680.00
2023-08-08	15.20	15.74	15.09	15.70	3671900	58857864.00
2023-08-09	15.60	15.70	15.35	15.51	2184000	35219348.00
2023-08-10	15.42	15.61	15.26	15.36	1127500	17985844.00
2023-08-11	15.30	15.47	14.89	15.00	1371400	21521476.00
2023-08-14	14.71	15.08	14.71	15.01	816128	12647822.00
2023-08-15	15.01	15.10	14.82	15.07	705300	10988231.00
2023-08-16	14.90	15.18	14.78	15.00	1153400	18029634.00
2023-08-17	14.96	15.13	14.81	15.09	794900	12386135.00
2023-08-18	15.09	15.20	14.92	14.96	895000	14002005.00
2023-08-21	14.94	15.13	14.85	14.91	656100	10204951.00
2023-08-22	14.90	16.20	14.47	16.20	987041	15378758.00
2023-08-23	15.32	15.32	14.52	14.55	3633469	55193096.00
2023-08-24	14.24	14.72	13.73	14.49	2803328	41478544.00
2023-08-25	14.38	14.42	13.94	14.12	1342000	19781374.00
2023-08-28	14.93	14.93	14.17	14.44	2190269	33139740.00
2023-08-29	14.58	15.75	14.49	15.58	4002215	63430540.00
2023-08-30	15.55	15.79	15.23	15.39	2946056	47306404.00
2023-08-31	15.31	15.51	15.27	15.40	959928	15364719.00
2023-09-01	15.49	16.19	15.45	16.05	2688356	44317344.00
2023-09-04	16.20	17.72	16.20	17.41	9375238	168638512.00
2023-09-05	17.54	17.80	17.10	17.48	7385610	133533232.00
2023-09-06	17.33	17.73	17.23	17.60	3281300	59733728.00
2023-09-07	17.52	17.79	17.43	17.57	2386800	43362520.00
2023-09-08	17.85	18.35	17.25	18.15	4833010	89250136.00
2023-09-11	18.10	18.26	17.79	18.16	3545110	66118512.00
2023-09-12	18.16	18.42	17.97	18.30	3041900	57311092.00
2023-09-13	18.40	18.53	17.92	18.09	3111700	58424780.00
2023-09-14	18.03	18.28	17.85	18.08	2006000	37362888.00
2023-09-15	17.93	18.27	17.61	17.69	2268000	41869396.00
2023-09-18	17.70	18.07	17.52	17.89	1988800	36742468.00
2023-09-19	18.00	18.20	17.59	17.69	2630100	48653204.00
2023-09-20	17.75	17.79	17.00	17.41	3319275	59476128.00
2023-09-21	17.44	17.57	17.00	17.43	2877900	51662000.00
2023-09-22	17.50	17.85	17.45	17.55	4137900	75600944.00
2023-09-25	17.48	17.80	16.05	17.37	5585294	99523200.00
2023-09-26	17.40	17.40	16.05	16.23	5917300	101449064.00
2023-09-27	16.19	16.39	15.93	16.05	2392310	40108520.00
2023-09-28	16.03	16.38	15.91	16.25	1533900	25803856.00
2023-10-09	16.21	16.68	16.17	16.45	3287500	56047368.00
2023-10-10	16.59	16.70	16.28	16.34	1598900	27322132.00
2023-10-11	16.45	16.45	16.00	16.12	1079800	18081834.00
2023-10-12	16.32	16.47	16.03	16.24	1153400	19410028.00
2023-10-13	16.44	16.44	16.05	16.18	936300	15695803.00
2023-10-16	16.18	16.44	16.13	16.21	865000	14601431.00
2023-10-17	16.41	16.41	16.16	16.24	865100	14570954.00
2023-10-18	16.20	16.41	15.70	15.94	1330100	22086912.00
2023-10-19	15.85	16.25	15.84	15.87	1094744	18172640.00
2023-10-20	15.90	16.07	15.70	15.82	1198000	19751676.00
2023-10-23	16.01	16.01	15.58	15.65	1533972	25057668.00
2023-10-24	15.85	16.05	15.58	16.03	1280760	21138608.00
2023-10-25	16.33	16.55	15.92	16.41	1685400	28603778.00
2023-10-26	16.65	16.68	15.59	15.73	2424000	39953000.00
2023-10-27	15.59	15.85	15.33	15.45	1986400	32108028.00
2023-10-30	15.60	17.06	15.57	16.46	5473700	92626440.00
2023-10-31	16.29	18.17	16.21	18.17	13887300	255701792.00
2023-11-01	19.03	19.03	17.23	18.10	14499040	269834176.00
2023-11-02	18.00	18.18	17.45	18.12	6654054	123075424.00
2023-11-03	18.03	18.30	17.23	17.40	5193200	95014920.00
2023-11-06	17.38	17.75	17.05	17.57	5449700	98063768.00
2023-11-07	17.55	18.09	17.23	17.86	5998200	109567448.00
2023-11-08	17.73	17.75	17.26	17.37	3676910	66277096.00
2023-11-09	17.29	17.37	16.57	16.66	3454000	60298800.00
2023-11-10	16.57	16.78	16.48	16.58	2083400	35911288.00
2023-11-13	16.59	17.38	16.55	17.08	2944900	51740756.00
2023-11-14	17.08	17.36	17.07	17.13	2431900	43282464.00
2023-11-15	17.30	17.56	16.91	17.50	2921700	52328504.00
2023-11-16	17.48	17.68	17.23	17.65	2988200	54077040.00
2023-11-17	17.85	17.85	17.30	17.39	2195799	39798260.00
2023-11-20	17.55	18.14	17.46	18.06	3352710	62017412.00
2023-11-21	18.06	18.26	17.94	18.06	2080600	38862464.00
2023-11-22	18.50	18.53	17.64	17.75	2761800	51086840.00
2023-11-23	17.51	18.05	17.51	17.79	1875600	34534248.00
2023-11-24	17.53	18.14	17.47	17.77	1863500	34149168.00
2023-11-27	17.66	17.78	17.25	17.32	1542600	27833108.00
2023-11-28	17.45	17.64	17.04	17.33	2022100	36435496.00
2023-11-29	17.42	17.42	16.75	16.97	2534069	44743588.00
2023-11-30	17.09	17.17	16.83	16.99	1589300	27967436.00
2023-12-01	17.02	17.23	16.88	16.90	1472300	25943384.00
2023-12-04	16.83	17.20	16.82	16.92	1736100	30509992.00
2023-12-05	15.17	17.05	15.17	16.56	1720400	29684204.00
2023-12-06	16.50	16.96	16.48	16.55	1726088	29891740.00
2023-12-07	16.48	16.91	16.28	16.44	1620201	27597584.00
2023-12-08	16.52	16.52	15.71	16.36	2654700	44125704.00
2023-12-11	15.75	16.17	15.40	16.17	2841200	46592328.00
2023-12-12	16.03	16.04	15.54	16.04	2067200	33849140.00
2023-12-13	15.76	16.00	15.66	15.74	1155000	18894996.00
2023-12-14	15.74	16.02	15.74	15.88	1207100	19925144.00
2023-12-15	15.86	16.05	15.71	15.94	1073000	17737884.00
2023-12-18	15.98	16.13	15.69	15.79	1258200	20733894.00
2023-12-19	15.95	15.95	15.50	15.84	970000	15776612.00
2023-12-20	15.94	16.08	15.74	15.89	831500	13753357.00
2023-12-21	15.90	16.32	15.50	16.32	2068500	34437968.00
2023-12-22	16.65	17.52	15.50	15.74	5761402	97775040.00
2023-12-25	15.51	15.81	15.15	15.36	3750559	60187536.00
2023-12-26	15.38	15.39	14.88	15.38	3440172	54013592.00
2023-12-27	15.33	16.14	14.79	16.01	3662700	58761196.00
2023-12-28	15.89	15.89	15.01	15.02	3330800	52976768.00
2023-12-29	15.08	15.52	15.00	15.47	2562600	40741856.00
2024-01-02	15.71	15.94	15.46	15.91	2094500	34013528.00
2024-01-03	15.81	15.91	15.39	15.47	1285800	20807132.00
2024-01-04	15.47	15.86	15.47	15.72	1677200	27262432.00
2024-01-05	15.84	15.98	15.46	15.59	1430300	23397892.00
2024-01-08	15.51	15.80	15.25	15.29	1419100	22792880.00
2024-01-09	15.41	15.65	15.30	15.47	1697600	27321400.00
2024-01-10	15.44	15.54	15.14	15.34	1047054	16695204.00
2024-01-11	15.51	15.60	15.21	15.34	1941934	30999202.00
2024-01-12	15.32	15.49	15.22	15.30	1196500	19096124.00
2024-01-15	15.30	15.46	15.21	15.34	1336898	21340060.00
2024-01-16	15.46	15.53	14.90	15.53	1918900	30196920.00
2024-01-17	15.29	15.31	14.70	15.11	2199900	34284912.00
2024-01-18	14.72	14.92	14.12	14.92	2332472	35039644.00
2024-01-19	14.45	14.69	14.21	14.21	1764445	26329830.00
2024-01-22	13.95	14.25	13.13	13.13	2156300	30823604.00
2024-01-23	13.09	13.65	12.69	13.55	3551000	48946280.00
2024-01-24	13.67	14.37	13.65	14.18	3993000	58465564.00
2024-01-25	14.30	15.50	14.09	15.44	4176600	64224304.00
2024-01-26	15.40	15.87	15.18	15.60	5450500	88440224.00
2024-01-29	15.69	15.80	15.30	15.46	2800100	45099200.00
2024-01-30	15.45	15.88	15.22	15.60	4690170	76184936.00
2024-01-31	15.46	15.87	14.76	15.28	5517481	87577816.00
2024-02-01	15.04	15.84	14.90	15.35	3271300	52224760.00
2024-02-02	15.40	16.95	14.95	16.78	6802367	112398808.00
2024-02-05	16.94	17.06	16.10	16.73	7361432	126991096.00
2024-02-06	16.40	17.38	15.41	17.38	4782532	80384576.00
2024-02-07	17.20	17.20	15.58	15.96	3751122	62314816.00
2024-02-08	15.65	15.76	14.30	14.75	4487813	67892696.00
2024-02-19	13.60	16.29	13.60	16.13	4552612	71915480.00
2024-02-20	16.00	16.60	15.70	16.22	2569004	43193488.00
2024-02-21	16.13	16.80	15.90	16.70	3713628	63635404.00
2024-02-22	16.59	16.90	16.20	16.62	2667868	45797888.00
2024-02-23	16.60	16.65	16.11	16.36	2389105	40456832.00
2024-02-26	16.26	16.70	16.00	16.29	2702754	46036936.00
2024-02-27	16.23	16.47	15.96	16.40	3132389	52552796.00
2024-02-28	16.22	16.90	14.70	14.70	4735268	77817384.00
2024-02-29	14.27	14.70	13.51	14.70	4201517	61924536.00
2024-03-01	14.49	14.78	14.06	14.25	2855449	42544032.00
2024-03-04	14.22	14.29	13.83	13.89	2158900	31508632.00
2024-03-05	13.80	14.68	13.79	14.60	2772749	41213444.00
2024-03-06	14.74	14.80	14.19	14.55	2113849	31819312.00
2024-03-07	14.45	14.47	13.98	14.03	1768100	26212508.00
2024-03-08	13.95	14.22	13.95	14.09	1061000	15583412.00
2024-03-11	14.10	14.33	14.05	14.20	1221222	18027676.00
2024-03-12	14.20	14.47	14.10	14.36	1931719	28758678.00
2024-03-13	14.36	14.60	14.28	14.39	1801468	27105442.00
2024-03-14	14.33	14.52	14.10	14.27	1450649	21653264.00
2024-03-15	14.26	14.31	14.05	14.26	1189400	17569172.00
2024-03-18	14.39	14.50	14.27	14.43	2059200	30829308.00
2024-03-19	14.50	14.58	14.30	14.52	1696100	25538068.00
2024-03-20	14.51	14.63	14.33	14.53	1630500	24548060.00
2024-03-21	14.64	14.65	14.25	14.35	1523100	22859312.00
2024-03-22	14.38	14.38	14.13	14.16	1230600	18262698.00
2024-03-25	14.30	14.56	14.02	14.14	1465800	21838638.00
2024-03-26	14.13	14.34	13.98	14.17	1369600	20213216.00
2024-03-27	14.04	14.24	13.53	13.55	1220100	17724580.00
2024-03-28	13.57	14.40	13.47	14.25	1707700	25032396.00
2024-03-29	14.41	14.50	14.09	14.21	1408398	20962576.00
2024-04-01	14.40	14.40	14.15	14.30	1275800	18974802.00
2024-04-02	14.31	14.67	14.31	14.58	1913500	28928902.00
2024-04-03	14.58	14.77	14.49	14.56	1205797	18315408.00
2024-04-08	14.55	15.78	14.48	15.15	4476797	71003328.00
2024-04-09	14.92	16.31	14.92	16.12	4956769	81498960.00
2024-04-10	16.10	16.53	15.90	16.09	3361600	56339496.00
2024-04-11	15.90	16.19	15.36	15.39	2566848	41796540.00
2024-04-12	15.50	16.44	15.20	16.36	6411449	106335184.00
2024-04-15	16.20	16.53	14.90	16.30	5559596	91648224.00
2024-04-16	16.30	16.30	15.58	15.68	2547700	41947136.00
2024-04-17	15.60	16.03	15.38	15.71	2134500	34873336.00
2024-04-18	15.72	15.72	15.36	15.37	1591600	25565892.00
2024-04-19	15.40	15.64	15.27	15.44	901500	14445058.00
2024-04-22	15.40	15.40	14.86	15.08	1679169	26201066.00
2024-04-23	14.93	15.30	14.90	15.11	938700	14757970.00
2024-04-24	15.37	16.25	15.20	16.11	4129469	68223640.00
2024-04-25	16.21	16.32	15.52	15.61	2168100	35526168.00
2024-04-26	16.01	16.01	14.40	14.78	3361649	53005136.00
2024-04-29	14.58	14.75	14.43	14.48	2746040	41632636.00
2024-04-30	14.64	15.21	14.52	14.65	1687700	25876196.00
2024-05-06	14.71	14.97	14.57	14.88	1606540	24751706.00
2024-05-07	14.88	14.89	14.51	14.74	1657200	25318346.00
2024-05-08	14.70	14.73	14.43	14.49	1206700	18274830.00
2024-05-09	14.45	14.68	14.44	14.65	927700	14107314.00
2024-05-10	14.65	15.19	14.59	15.01	2283800	35559272.00
2024-05-13	15.00	15.20	14.69	14.76	1983224	30727784.00
2024-05-14	14.76	14.84	14.58	14.79	786100	12061502.00
2024-05-15	14.80	14.80	14.55	14.62	939000	14326141.00
2024-05-16	14.55	15.00	14.42	14.68	1602900	24683672.00
2024-05-17	14.69	14.91	14.62	14.79	1855700	28464264.00
2024-05-20	14.76	14.76	13.84	14.01	3064424	45471628.00
2024-05-21	14.15	14.31	13.79	13.85	1374800	20018088.00
2024-05-22	13.61	14.06	13.61	14.01	1540800	22324996.00
2024-05-23	14.10	14.10	13.20	13.62	2094100	29581016.00
2024-05-24	13.57	13.57	13.26	13.41	818300	11492160.00
2024-05-27	13.50	13.50	12.83	13.04	1839000	25027548.00
2024-05-28	13.10	13.10	12.85	12.91	902828	12228883.00
2024-05-29	12.91	13.11	12.85	13.01	692600	9431978.00
2024-05-30	12.90	13.00	12.73	12.73	723000	9720673.00
2024-05-31	12.77	12.99	12.77	12.95	727200	9797894.00
2024-06-03	13.00	13.24	12.86	13.17	1374500	18689212.00
2024-06-04	13.18	13.27	12.86	12.98	1372828	18733296.00
2024-06-05	12.82	13.09	12.73	12.98	923000	12477673.00
2024-06-06	12.97	13.08	11.96	12.56	2525800	33336638.00
2024-06-07	12.43	12.88	12.43	12.79	1197600	15995279.00
2024-06-11	12.82	13.05	12.40	13.04	1099397	14765814.00
2024-06-12	12.94	13.23	12.94	13.01	799600	10922047.00
2024-06-13	13.15	13.15	12.90	13.09	696669	9494359.00
2024-06-14	13.09	13.47	13.02	13.29	1173100	16304322.00
2024-06-17	13.20	13.50	13.20	13.38	908469	12701747.00
2024-06-18	13.35	13.40	13.12	13.20	718600	9957061.00
2024-06-19	13.22	13.36	13.14	13.25	512300	7101560.00
2024-06-20	13.19	13.25	12.95	13.10	705140	9697565.00
2024-06-21	13.00	13.40	12.80	13.24	600500	8285561.00
2024-06-24	13.21	13.27	12.93	12.95	873400	11954455.00
2024-06-25	12.95	13.35	12.95	13.16	977769	13485198.00
2024-06-26	13.15	13.49	13.13	13.47	1032640	14426085.00
2024-06-27	13.53	13.58	13.11	13.22	909240	12611392.00
2024-06-28	13.49	13.49	12.50	13.29	1360500	18734220.00
2024-07-01	13.12	13.45	13.12	13.45	1006900	14071036.00
2024-07-02	13.39	13.70	13.39	13.65	1113400	15809626.00
2024-07-03	13.69	13.69	13.31	13.43	931000	13085639.00
2024-07-04	13.39	13.48	13.28	13.31	877700	12268047.00
2024-07-05	13.30	13.45	13.25	13.42	891400	12466021.00
2024-07-08	13.41	13.65	13.31	13.39	472600	6630970.00
2024-07-09	13.39	13.40	13.21	13.35	853800	11874400.00
2024-07-10	13.30	13.45	13.20	13.40	615000	8585531.00
2024-07-11	13.50	13.50	13.32	13.45	749300	10490391.00
2024-07-12	13.29	13.47	13.29	13.42	401800	5631118.00
2024-07-15	13.39	13.43	13.27	13.30	313600	4373070.00
2024-07-16	13.35	13.38	13.21	13.34	301300	4193083.00
2024-07-17	13.29	13.35	13.23	13.24	279900	3881862.00
2024-07-18	13.20	13.30	12.90	13.22	1360200	18680608.00
2024-07-19	13.05	13.39	13.05	13.26	520400	7223957.00
2024-07-22	13.25	13.85	13.25	13.66	1332800	18861512.00
2024-07-23	13.66	13.90	13.56	13.66	965700	13838224.00
2024-07-24	13.70	13.92	13.54	13.83	1460400	21025764.00
2024-07-25	13.91	13.91	13.66	13.86	720100	10351165.00
2024-07-26	13.88	14.17	13.78	14.17	1350100	19722336.00
2024-07-29	14.18	14.62	14.10	14.59	1510500	22731936.00
2024-07-30	14.59	14.90	14.53	14.70	2027100	31033084.00
2024-07-31	14.70	14.76	14.44	14.65	1090700	16596714.00
2024-08-01	14.65	14.82	14.57	14.73	792400	12137627.00
2024-08-02	14.58	15.33	14.58	15.23	2067500	32481190.00
2024-08-05	15.21	15.86	15.11	15.59	2723224	43956552.00
2024-08-06	15.55	15.68	15.15	15.24	1570700	25087528.00
2024-08-07	15.55	15.55	14.64	14.84	1746300	27044152.00
2024-08-08	14.75	15.24	14.75	15.14	1055900	16538987.00
2024-08-09	15.14	15.45	15.02	15.35	868700	13849633.00
2024-08-12	15.42	15.59	14.83	15.06	1427300	22533648.00
2024-08-13	15.06	15.40	14.95	15.31	898200	13978386.00
2024-08-14	15.32	15.50	15.20	15.39	949000	14902331.00
2024-08-15	15.31	15.46	15.22	15.32	782400	12222035.00
2024-08-16	15.33	15.40	15.16	15.23	783000	12209953.00
2024-08-19	15.10	15.13	14.71	14.98	989700	15049703.00
2024-08-20	15.28	15.30	14.93	15.12	690400	10650201.00
2024-08-21	15.00	15.20	14.98	15.13	422600	6516848.00
2024-08-22	15.12	15.41	15.12	15.23	684300	10668200.00
2024-08-23	15.30	15.40	14.81	14.96	831100	12708156.00
2024-08-26	14.84	15.09	14.78	14.88	473000	7205078.00
2024-08-27	14.87	15.09	14.75	14.88	518500	7875988.00
2024-08-28	14.98	15.70	14.80	15.63	1488600	23235832.00
2024-08-29	15.57	15.96	15.50	15.64	1370000	21941000.00
2024-08-30	15.80	15.80	15.43	15.71	868700	13846700.00
2024-09-02	16.15	16.15	15.61	15.78	1477832	23718272.00
2024-09-03	15.76	15.90	15.64	15.81	843800	13561627.00
2024-09-04	15.70	15.94	15.66	15.86	635300	10246116.00
2024-09-05	15.84	16.42	15.81	16.18	954800	15707794.00
2024-09-06	16.06	16.41	15.80	15.82	947100	15536413.00
2024-09-09	15.82	15.82	15.58	15.73	737300	11788854.00
2024-09-10	15.74	15.93	15.61	15.93	491800	7912685.00
2024-09-11	15.85	15.99	15.70	15.77	451900	7280871.00
2024-09-12	15.74	15.83	15.70	15.73	393600	6324090.00
2024-09-13	15.70	15.80	15.62	15.68	656500	10518914.00
2024-09-18	15.68	15.86	15.55	15.71	992100	15892511.00
2024-09-19	15.72	15.80	15.50	15.69	941600	15068052.00
2024-09-20	15.69	15.82	15.55	15.78	1295000	20767864.00
2024-09-23	15.80	15.89	15.40	15.77	1539700	24571056.00
2024-09-24	15.77	16.28	15.51	16.21	1540400	24852634.00
2024-09-25	16.20	16.40	15.99	16.22	2343500	38608916.00
2024-09-26	16.65	16.70	15.95	16.39	3183300	52822728.00
2024-09-27	16.39	16.52	16.29	16.49	999900	16713083.00
2024-09-30	16.38	17.64	16.38	17.32	4994956	86933744.00
2024-10-08	18.72	19.07	17.00	17.40	6278807	114352160.00
2024-10-09	17.25	18.14	16.58	17.28	5491100	98858512.00
2024-10-10	17.05	18.00	17.00	17.32	4513647	80723688.00
2024-10-11	17.25	17.69	17.23	17.42	3040500	53792808.00
2024-10-14	17.47	17.92	17.35	17.77	3927100	70418496.00
2024-10-15	17.70	18.52	17.63	18.08	5658453	104224224.00
2024-10-16	18.05	18.40	17.92	18.14	3598200	66530468.00
2024-10-17	18.14	18.25	17.35	18.03	7301100	133144896.00
2024-10-18	17.93	18.34	17.76	17.98	6862766	125913544.00
2024-10-21	17.97	18.24	17.53	17.85	6785424	123344056.00
2024-10-22	18.19	19.40	17.85	19.35	8730053	164343024.00
2024-10-23	19.30	19.35	18.33	18.48	7315876	138522272.00
2024-10-24	18.30	18.83	18.06	18.16	3975800	74622264.00
2024-10-25	18.10	20.01	18.08	20.01	11920269	237194448.00
2024-10-28	20.20	22.03	20.20	21.42	10097303	217454416.00
2024-10-29	21.42	21.88	20.29	21.83	7366900	159958544.00
2024-10-30	21.30	21.68	20.40	21.20	4681900	99993400.00
2024-10-31	21.39	22.30	21.15	22.15	5252349	116534640.00
2024-11-01	22.37	22.70	21.23	21.26	4642200	103572920.00
2024-11-04	21.18	21.64	20.79	21.28	3571100	76854512.00
2024-11-05	21.33	21.80	20.50	21.73	4968700	107193824.00
2024-11-06	21.73	21.98	20.76	21.03	5177604	111939600.00
2024-11-07	21.10	21.10	19.78	20.09	4124853	84706680.00
2024-11-08	20.44	20.69	20.11	20.39	2792653	57926640.00
2024-11-11	20.49	20.82	19.05	19.45	5178800	104669904.00
2024-11-12	19.45	20.03	19.45	19.94	3441880	69012856.00
2024-11-13	19.95	20.80	19.95	20.74	3923580	81653496.00
2024-11-14	20.74	21.98	20.56	21.40	7636600	167203632.00
2024-11-15	21.40	21.68	20.20	20.37	4562500	96956384.00
2024-11-18	20.35	20.57	18.44	19.19	3762200	74612312.00
2024-11-19	19.04	19.65	18.79	19.51	2160358	42176252.00
2024-11-20	19.44	19.76	19.34	19.55	1999210	39753228.00
2024-11-21	19.55	19.85	19.06	19.80	2389800	47605232.00
2024-11-22	19.68	20.35	19.06	19.07	2046610	40956236.00
2024-11-25	19.13	20.60	18.56	20.42	2423300	48199492.00
2024-11-26	20.45	20.45	19.10	19.39	2174200	43190744.00
2024-11-27	19.30	19.70	18.96	19.69	1270500	25057926.00
2024-11-28	19.69	20.04	19.26	19.71	1588100	31807914.00
2024-11-29	19.90	19.90	19.31	19.45	1706000	33929700.00
2024-12-02	19.49	20.38	19.42	19.58	3617200	72950688.00
2024-12-03	19.58	19.59	18.87	19.04	1991900	38577588.00
2024-12-04	19.08	19.32	18.64	19.08	1861800	35892340.00
2024-12-05	19.40	19.47	18.70	19.39	1958511	38116056.00
2024-12-06	19.35	19.43	18.79	18.81	4788400	92709056.00
2024-12-09	19.15	20.72	18.85	20.72	9836394	204858560.00
2024-12-10	21.12	21.69	20.70	21.18	10585199	227497776.00
2024-12-11	21.17	21.38	20.24	21.00	4914699	103337320.00
2024-12-12	20.80	22.07	20.72	21.88	5187800	112760848.00
2024-12-13	21.59	22.30	21.50	21.82	2648500	58789920.00
2024-12-16	21.99	22.60	21.77	22.13	2994500	67547520.00
2024-12-17	21.95	22.30	21.25	21.30	2595300	56840312.00
2024-12-18	21.28	22.04	20.97	21.89	2535895	55817952.00
2024-12-19	22.01	22.01	21.00	21.39	1629600	35440128.00
2024-12-20	21.39	22.06	21.21	22.06	2653700	58805732.00
2024-12-23	22.06	22.47	20.57	20.59	2158500	46459088.00
2024-12-24	20.70	21.08	20.21	20.73	1254000	26324454.00
2024-12-25	20.53	21.01	19.26	19.68	1581000	31757740.00
2024-12-26	19.89	20.40	19.51	20.10	1040237	21119000.00
2024-12-27	20.09	20.93	19.82	20.60	1838599	38324200.00
2024-12-30	20.68	20.95	19.85	20.79	1085528	22643124.00
2024-12-31	20.92	21.03	20.10	20.30	1359700	28334792.00
2025-01-02	20.30	20.60	19.76	19.88	834600	17066812.00
2025-01-03	20.07	20.28	18.48	18.95	1011300	19795848.00
2025-01-06	18.96	20.50	18.01	20.23	2435998	48924828.00
2025-01-07	20.38	20.80	20.09	20.29	1596100	33087492.00
2025-01-08	20.29	21.00	19.98	20.65	1543499	32180666.00
2025-01-09	20.90	21.30	20.20	21.03	1848900	39406856.00
2025-01-10	21.14	21.34	20.72	20.82	1250800	26615470.00
2025-01-13	20.78	21.05	20.36	20.54	790700	16518735.00
2025-01-14	20.57	21.68	20.40	21.46	2458500	53000256.00
2025-01-15	21.46	21.46	20.80	20.98	1352900	28895072.00
2025-01-16	20.97	21.30	20.44	20.71	1022700	21563824.00
2025-01-17	20.71	21.08	20.28	20.95	876900	18523214.00
2025-01-20	21.10	21.45	20.54	21.00	1302000	27949860.00
2025-01-21	21.17	21.17	20.01	20.21	1477237	30473344.00
2025-01-22	20.60	20.60	19.53	19.97	1009100	20564692.00
2025-01-23	20.07	20.35	19.70	19.89	804200	16328758.00
2025-01-24	19.71	20.19	19.50	19.86	814200	16375541.00
2025-01-27	19.91	20.46	19.78	19.80	723700	14766169.00
2025-02-05	20.00	20.01	19.73	19.95	436400	8809666.00
2025-02-06	19.94	20.23	19.65	20.13	555600	11242323.00
2025-02-07	20.08	20.30	19.86	20.09	852900	17349040.00
2025-02-10	20.13	21.68	20.01	21.22	2961500	62806736.00
2025-02-11	21.68	21.98	20.28	21.28	3285499	70036264.00
2025-02-12	21.27	21.35	20.81	20.97	1302400	27774694.00
2025-02-13	20.97	20.97	20.51	20.55	922900	19420172.00
2025-02-14	20.66	20.77	20.25	20.32	986800	20445684.00
2025-02-17	20.42	20.70	20.18	20.29	1179200	24426800.00
2025-02-18	20.49	20.89	20.10	20.59	1836500	38159492.00
2025-02-19	20.33	21.05	20.33	20.60	1893500	39864592.00
2025-02-20	20.80	20.80	20.30	20.59	1222100	25422892.00
2025-02-21	20.69	20.90	20.35	20.60	1427903	29798020.00
2025-02-24	20.50	20.85	20.45	20.49	1420600	29686536.00
2025-02-25	20.50	20.62	20.32	20.41	1442900	29936044.00
2025-02-26	20.38	20.64	20.23	20.27	1557200	32214754.00
2025-02-27	20.27	21.18	20.14	21.09	2761100	57777240.00
2025-02-28	21.09	21.84	20.64	20.92	4953600	106541360.00
2025-03-03	20.70	21.52	20.26	20.32	2726300	57987796.00
2025-03-04	20.18	20.87	20.18	20.59	1532486	31993604.00
2025-03-05	20.38	20.69	20.08	20.23	1309200	26940070.00
2025-03-06	20.26	21.00	20.25	20.46	2262400	47345184.00
2025-03-07	20.66	22.27	20.45	22.27	6092299	133068520.00
2025-03-10	22.61	24.53	22.06	24.53	5340100	125956616.00
2025-03-11	24.20	24.27	22.49	23.58	4665115	110673584.00
2025-03-12	23.61	25.97	23.36	25.63	5280199	132296320.00
2025-03-13	24.95	27.20	24.95	26.06	5314110	140884416.00
2025-03-14	25.76	26.70	25.13	25.59	3056300	79337168.00
2025-03-17	25.59	27.10	25.20	26.80	3788000	101483192.00
2025-03-18	26.69	27.50	26.08	26.78	2459500	66393960.00
2025-03-19	26.58	27.08	26.08	26.52	1596100	42672404.00
2025-03-20	26.71	27.20	26.47	26.55	1680104	45613600.00
2025-03-21	27.05	29.19	25.95	28.53	3919204	108568808.00
2025-03-24	27.98	29.85	27.84	29.20	3939600	114265816.00
2025-03-25	29.20	30.39	28.50	30.28	3324700	99412624.00
2025-03-26	29.36	30.26	28.78	29.65	2761400	82217728.00
2025-03-27	29.31	30.83	28.90	28.90	4060037	122262968.00
2025-03-28	29.38	29.80	27.98	29.70	2592360	75952072.00
2025-03-31	29.94	29.94	27.87	28.70	2341300	68085768.00
2025-04-01	28.70	29.03	28.19	28.32	1908980	55107216.00
2025-04-02	28.28	29.20	27.94	28.62	2418100	69616880.00
2025-04-03	28.18	29.56	28.18	29.47	1798700	52708952.00
2025-04-07	26.49	28.80	26.49	27.36	2406500	66990556.00
2025-04-08	27.39	28.33	26.71	27.65	1768020	49053624.00
2025-04-09	27.30	28.00	24.90	27.48	1561251	42500404.00
2025-04-10	27.50	30.26	27.50	30.26	2568519	76892608.00
2025-04-11	29.65	31.28	29.22	31.23	3796100	116954448.00
2025-04-14	31.19	31.69	30.30	30.97	3098249	96999928.00
2025-04-15	31.10	31.10	29.38	29.70	2636601	79546424.00
2025-04-16	29.59	29.68	28.35	28.57	2102700	61260060.00
2025-04-17	28.30	29.90	27.77	29.68	2302300	67507280.00
2025-04-18	29.62	29.67	28.38	28.82	1523549	44392960.00
2025-04-21	28.01	29.11	27.99	28.35	1417600	40562488.00
2025-04-22	28.25	28.80	28.05	28.34	710600	20396626.00
2025-04-23	28.22	28.67	27.28	28.22	1521400	43083052.00
2025-04-24	27.83	28.41	27.50	28.22	1235300	34910508.00
2025-04-25	28.20	28.50	27.70	27.84	843400	24029634.00
2025-04-28	27.20	28.25	26.88	27.50	829800	22991448.00
2025-04-29	27.56	28.88	27.30	28.57	1359500	39070080.00
2025-04-30	29.70	30.68	28.79	28.79	1452300	43301448.00
2025-05-06	28.73	29.26	28.27	29.08	973400	28280860.00
2025-05-07	29.13	29.50	28.76	29.11	821800	24269790.00
2025-05-08	28.87	29.20	28.31	28.75	1134100	32754608.00
2025-05-09	28.72	30.20	28.00	30.06	1982100	59505596.00
2025-05-12	29.90	30.20	28.70	30.07	1211300	36540104.00
2025-05-13	30.20	30.62	29.30	30.15	1056400	32010114.00
2025-05-14	29.91	30.61	29.45	29.55	1209000	36476744.00
2025-05-15	29.50	29.82	29.36	29.62	885700	26451394.00
2025-05-16	29.77	29.77	28.59	28.97	1176900	34473624.00
2025-05-19	28.85	29.86	28.26	29.07	1381400	40510084.00
2025-05-20	29.06	29.49	29.00	29.16	743800	21975036.00
2025-05-21	29.15	29.52	28.90	29.31	1011200	29873528.00
2025-05-22	29.20	29.90	28.92	29.18	1366000	40537604.00
2025-05-23	29.18	29.50	27.95	27.95	1565700	45014604.00
2025-05-26	27.95	28.35	26.90	27.53	1703100	47553932.00
2025-05-27	27.56	27.77	27.22	27.50	1638300	45437760.00
2025-05-28	27.55	28.19	27.19	27.43	1663800	46402884.00
2025-05-29	27.31	27.75	27.28	27.45	1248049	34631216.00
2025-05-30	27.67	27.67	26.58	26.69	936600	25545476.00
2025-06-03	26.69	27.11	25.90	26.95	994000	26825928.00
2025-06-04	27.25	27.25	26.64	26.98	1067700	28826370.00
2025-06-05	26.85	27.11	26.30	26.65	1230800	32727040.00
2025-06-06	26.65	27.80	26.53	27.48	2289128	61861512.00
2025-06-09	27.48	27.68	26.91	27.05	1114100	30346626.00
2025-06-10	27.33	27.33	25.44	26.49	2367100	62001344.00
2025-06-11	26.49	27.05	26.21	26.63	1117200	29769740.00
2025-06-12	26.61	27.10	25.72	26.78	1675200	44229172.00
2025-06-13	26.88	26.88	25.80	26.07	1150632	30090410.00
2025-06-16	26.02	28.68	25.60	28.67	2890600	78062216.00
2025-06-17	28.28	29.06	27.58	28.60	4313600	122538928.00
2025-06-18	27.85	28.90	27.85	28.49	1507100	43110984.00
2025-06-19	28.49	29.49	28.49	28.77	1543900	44717440.00
2025-06-20	28.64	29.01	28.03	28.06	1445200	41166408.00
2025-06-23	28.03	28.03	25.96	26.92	1452800	39124532.00
2025-06-24	26.99	27.60	26.99	27.28	1250700	34231144.00
2025-06-25	27.70	27.80	26.73	27.38	1146000	31207312.00
2025-06-26	28.80	28.88	27.18	28.23	1857100	51719720.00
2025-06-27	28.15	29.10	28.00	28.31	1315000	37407788.00
2025-06-30	28.38	29.19	27.53	27.85	3513900	98990352.00
2025-07-01	27.56	28.31	27.56	27.85	1872600	52376444.00
2025-07-02	28.20	28.20	27.04	27.36	1302200	35661184.00
2025-07-03	27.38	27.54	27.15	27.28	934500	25511052.00
2025-07-04	27.41	27.41	26.61	26.70	1382700	37278008.00
2025-07-07	26.72	27.23	26.40	26.97	1288200	34463640.00
2025-07-08	26.97	27.20	26.50	26.87	1328600	35745312.00
2025-07-09	27.33	27.33	26.70	26.85	936400	25174326.00
2025-07-10	26.85	27.16	26.42	26.59	1269900	33712496.00
2025-07-11	26.56	26.89	26.41	26.64	2720800	72546312.00
2025-07-14	26.55	27.34	26.20	26.83	3792000	101964944.00
2025-07-15	26.81	26.81	25.90	26.02	1821400	48069292.00
2025-07-16	26.39	26.39	25.67	25.79	1382600	35774532.00
2025-07-17	25.85	26.10	25.36	25.67	1997400	51313624.00
2025-07-18	25.81	27.03	25.44	26.50	2637800	69365712.00
2025-07-21	26.50	26.80	25.96	26.71	1392600	36715116.00
2025-07-22	26.71	27.66	26.40	27.51	3256100	89017600.00
2025-07-23	27.51	28.65	27.04	27.88	4776600	132729552.00
2025-07-24	27.51	28.38	27.51	28.34	3784530	105806920.00
2025-07-25	28.35	30.42	28.29	29.57	6906430	201919984.00
2025-07-29	30.28	30.28	26.80	27.47	8461800	232498384.00
2025-07-30	27.00	30.09	27.00	28.46	5552240	157699392.00
2025-07-31	28.07	28.86	27.34	27.42	2882400	79971960.00
2025-08-01	27.79	28.00	27.08	27.47	2507500	68791000.00
2025-08-04	27.46	27.55	26.93	27.47	1825500	49721524.00
2025-08-05	27.60	28.00	27.34	27.84	1929000	53476016.00
2025-08-06	28.50	28.65	27.57	28.61	2427200	68496656.00
2025-08-07	28.78	29.66	28.78	29.48	2956000	86763848.00
2025-08-08	29.00	29.95	29.00	29.51	1935300	57308296.00
2025-08-11	29.51	29.74	28.87	29.55	2026300	59525532.00
2025-08-12	31.03	31.03	29.20	29.44	2308500	68487264.00
2025-08-13	29.50	30.30	29.26	29.60	2411900	71770432.00
2025-08-14	29.57	29.70	29.20	29.40	1583600	46644444.00
2025-08-15	29.36	29.43	29.09	29.40	1670271	48891368.00
2025-08-18	29.45	30.24	29.40	29.76	2571400	76710416.00
2025-08-19	29.76	29.76	29.04	29.66	1826400	53603464.00
2025-08-20	29.42	30.00	29.15	29.90	1743200	51897100.00
2025-08-21	29.80	32.50	29.50	31.49	4795100	149463520.00
2025-08-22	31.92	34.19	31.50	33.49	5398200	180708864.00
2025-08-25	33.34	34.74	33.20	34.06	4146171	140612112.00
2025-08-26	34.66	35.00	33.19	33.83	3667100	124954784.00
2025-08-27	33.54	34.29	32.71	32.90	2955900	98892624.00
2025-08-28	32.45	33.14	31.87	32.94	2441100	79307600.00
2025-08-29	32.88	33.00	32.03	32.72	1660600	54018972.00
2025-09-01	32.52	33.39	32.27	32.59	2647203	86900680.00
2025-09-02	32.59	32.78	30.83	31.06	3493100	110141824.00
2025-09-03	30.99	31.40	30.40	30.87	2413400	74666208.00
2025-09-04	31.04	31.31	30.43	30.56	1852700	57065460.00
2025-09-05	30.73	33.08	30.16	32.71	2637300	83917664.00
2025-09-08	32.55	33.62	32.55	33.59	2356400	78379464.00
2025-09-09	33.11	33.88	32.86	33.05	1649700	55095172.00
2025-09-10	32.84	33.76	32.82	33.20	1184900	39482168.00
2025-09-11	33.22	34.52	32.92	33.80	2265200	76624240.00
2025-09-12	33.83	34.35	33.60	34.00	1985000	67494304.00
2025-09-15	34.30	34.89	33.50	34.50	2109100	72478744.00
2025-09-16	34.46	36.00	34.10	35.95	2476000	86723792.00
2025-09-17	35.96	37.11	35.28	35.65	3196200	115566136.00
2025-09-18	36.05	36.32	35.18	35.58	1781000	63671220.00
2025-09-19	35.58	36.87	35.49	36.23	2341400	84764032.00
2025-09-22	36.22	38.29	35.90	38.29	2667600	99868224.00
2025-09-23	38.17	38.85	37.04	38.15	2844030	107767488.00
2025-09-24	38.01	39.45	37.30	38.90	2333200	90366720.00
2025-09-25	39.07	39.16	38.08	38.40	1680200	64637056.00
2025-09-26	38.38	38.68	37.32	38.34	1565400	59789244.00
2025-09-29	38.36	41.36	38.36	41.30	3031300	121247584.00
2025-09-30	41.53	43.38	40.58	41.78	3581400	149432752.00
2025-10-23	58.63	58.63	58.63	58.63	0	0.00
数据来源:通达信
