605580 恒盛能源 日线 前复权
      日期	    开盘	    最高	    最低	    收盘	    成交量	    成交额
2021-08-19	5.80	7.24	5.80	7.24	416533	5013379.00
2021-08-20	8.10	8.10	8.10	8.10	204296	2713051.00
2021-08-23	9.05	9.05	9.05	9.05	110313	1611673.00
2021-08-24	10.09	10.09	10.09	10.09	201322	3235245.00
2021-08-25	11.24	11.24	11.24	11.24	255916	4524595.00
2021-08-26	12.51	12.51	12.51	12.51	484384	9421269.00
2021-08-27	13.90	13.90	11.19	12.79	35231168	693002368.00
2021-08-30	11.38	11.87	11.38	11.48	23093478	415598816.00
2021-08-31	11.23	11.63	10.91	11.54	17167528	306777888.00
2021-09-01	11.36	11.36	10.25	10.26	16722197	281385504.00
2021-09-02	9.94	10.72	9.61	10.31	12785566	207788144.00
2021-09-03	9.96	10.94	9.91	10.60	13507578	225666112.00
2021-09-06	10.46	11.80	10.46	11.80	19879230	361697728.00
2021-09-07	11.92	12.66	11.23	11.49	25749239	476398976.00
2021-09-08	11.22	12.54	11.22	12.16	22157715	415084096.00
2021-09-09	11.70	11.96	10.90	11.29	16993324	304007616.00
2021-09-10	11.21	11.64	10.82	10.99	10342325	182148368.00
2021-09-13	10.90	10.99	10.41	10.44	9294517	155296688.00
2021-09-14	10.51	10.76	10.17	10.73	8654466	143334000.00
2021-09-15	10.56	11.04	10.40	10.41	8224944	138144800.00
2021-09-16	10.26	10.40	9.92	9.94	7043672	113495648.00
2021-09-17	9.94	10.37	9.88	10.21	6282954	101873584.00
2021-09-22	9.94	10.87	9.90	10.80	10090823	169978080.00
2021-09-23	11.19	11.32	10.21	10.34	8888220	148900096.00
2021-09-24	10.26	11.11	9.92	10.58	10158515	170101584.00
2021-09-27	10.93	11.78	10.26	11.78	21658242	382887808.00
2021-09-28	11.16	12.04	11.09	11.59	19799872	357663328.00
2021-09-29	11.29	11.60	10.29	10.29	13954795	238152848.00
2021-09-30	10.01	11.40	9.95	10.98	13716941	234501712.00
2021-10-08	10.97	11.37	10.58	11.24	11822861	204700064.00
2021-10-11	11.44	12.51	11.03	12.01	23080839	427959232.00
2021-10-12	11.40	12.71	10.78	12.46	22540081	410731520.00
2021-10-13	12.08	12.33	11.09	11.10	17570087	319473056.00
2021-10-14	10.54	11.40	10.41	11.15	11780282	203339808.00
2021-10-15	10.95	11.18	10.26	10.56	11105212	187381280.00
2021-10-18	10.55	11.76	10.54	11.76	10817290	196266320.00
2021-10-19	12.51	12.97	11.76	11.99	24699946	470807488.00
2021-10-20	12.10	12.50	11.81	12.19	17867489	340227392.00
2021-10-21	11.96	12.83	11.91	12.27	15989614	306345440.00
2021-10-22	11.98	12.17	11.26	11.47	11475461	208986624.00
2021-10-25	11.61	12.76	11.48	12.76	7105033	136997696.00
2021-10-26	13.32	13.40	12.26	12.39	18309839	360475424.00
2021-10-27	12.59	12.79	12.04	12.09	13023749	251617120.00
2021-10-28	12.16	12.89	11.69	12.29	13732843	264867856.00
2021-10-29	12.01	12.01	11.19	11.84	12001657	218403968.00
2021-11-01	11.58	12.06	11.33	11.79	8759699	161248368.00
2021-11-02	11.67	12.18	10.88	11.04	11945933	213835440.00
2021-11-03	11.06	12.29	10.91	12.29	12224835	226000368.00
2021-11-04	12.62	12.74	11.79	12.20	20030935	382604288.00
2021-11-05	12.29	12.44	11.71	12.04	13682414	256743008.00
2021-11-08	11.95	12.45	11.73	12.09	10566195	199979568.00
2021-11-09	12.19	13.29	12.01	12.11	12424612	239031824.00
2021-11-10	11.94	12.44	11.79	12.24	8658162	163562240.00
2021-11-11	12.40	12.54	11.92	11.96	8511946	160491008.00
2021-11-12	12.04	12.23	11.59	11.97	9207980	170606352.00
2021-11-15	11.84	13.11	11.80	12.51	15804417	307106368.00
2021-11-16	12.40	13.11	12.16	12.33	15173976	295078752.00
2021-11-17	12.19	12.52	11.94	12.44	8875976	170780528.00
2021-11-18	12.46	12.51	11.76	11.94	12737792	240148608.00
2021-11-19	11.94	11.96	11.61	11.84	7411536	136339664.00
2021-11-22	11.90	11.95	11.57	11.84	6277084	115930960.00
2021-11-23	11.89	11.90	11.55	11.69	7282946	133045984.00
2021-11-24	11.71	12.04	11.55	11.91	8160607	150513088.00
2021-11-25	11.94	12.15	11.59	11.60	7985304	147010896.00
2021-11-26	11.59	11.59	11.13	11.24	6268509	111221064.00
2021-11-29	10.89	11.29	10.79	11.13	3890206	67964160.00
2021-11-30	11.17	11.38	10.96	11.05	3924166	68772496.00
2021-12-01	11.09	11.25	11.04	11.17	2979033	52178832.00
2021-12-02	11.11	11.17	10.78	10.83	4468435	77071432.00
2021-12-03	10.90	10.96	10.47	10.88	5037653	85584560.00
2021-12-06	10.96	11.36	10.78	11.08	4647896	80545800.00
2021-12-07	10.97	11.16	10.80	10.94	3784322	65329424.00
2021-12-08	10.93	11.04	10.81	10.90	2956899	50955568.00
2021-12-09	10.89	11.01	10.84	10.90	3046143	52424960.00
2021-12-10	10.90	11.01	10.86	10.96	2909071	50180168.00
2021-12-13	11.01	11.12	10.94	11.06	3659150	63646624.00
2021-12-14	11.04	11.32	10.86	11.09	4176978	72702344.00
2021-12-15	11.12	11.42	11.03	11.39	7286093	129243728.00
2021-12-16	11.35	11.36	11.15	11.21	4679441	82566024.00
2021-12-17	11.22	11.36	10.89	10.90	4875841	85622752.00
2021-12-20	10.89	10.90	10.39	10.41	4754793	79488352.00
2021-12-21	10.21	10.60	10.21	10.50	2591459	42934016.00
2021-12-22	10.52	10.58	10.36	10.39	2632848	43556592.00
2021-12-23	10.37	10.58	10.24	10.49	3045121	50588108.00
2021-12-24	10.51	10.67	10.22	10.26	3384769	55816592.00
2021-12-27	10.18	10.47	10.04	10.29	1775144	28940460.00
2021-12-28	10.34	10.37	10.12	10.19	1901170	30790840.00
2021-12-29	10.11	10.29	10.06	10.22	1444253	23351142.00
2021-12-30	10.21	10.29	10.16	10.21	1563938	25431846.00
2021-12-31	10.19	10.33	10.19	10.21	1443604	23503120.00
2022-01-04	10.21	10.37	10.19	10.31	1846116	30174106.00
2022-01-05	10.31	10.34	10.06	10.06	2536646	40890668.00
2022-01-06	10.10	10.14	9.93	10.08	2209560	35397844.00
2022-01-07	10.09	10.13	9.73	9.73	3193600	50424708.00
2022-01-10	9.73	9.84	9.48	9.79	1692845	26224268.00
2022-01-11	9.76	9.92	9.72	9.80	1350192	21172584.00
2022-01-12	9.80	9.99	9.80	9.93	1402703	22178984.00
2022-01-13	9.93	9.93	9.79	9.80	1139400	17918344.00
2022-01-14	9.80	9.86	9.58	9.63	1297246	20145280.00
2022-01-17	9.69	9.86	9.69	9.82	1123540	17580630.00
2022-01-18	9.82	9.89	9.73	9.84	1282710	20107550.00
2022-01-19	9.82	9.84	9.55	9.60	1628684	25174488.00
2022-01-20	9.60	9.62	9.19	9.24	1835120	27679904.00
2022-01-21	9.31	9.31	9.01	9.01	1248838	18311186.00
2022-01-24	9.01	9.10	8.79	9.04	1063208	15386299.00
2022-01-25	8.97	9.08	8.45	8.47	1757508	24824024.00
2022-01-26	8.36	8.74	8.36	8.54	903039	12578960.00
2022-01-27	8.54	8.54	8.19	8.19	1233035	16761905.00
2022-01-28	8.26	8.57	8.14	8.41	1066125	14542391.00
2022-02-07	8.62	8.74	8.55	8.63	1032573	14486631.00
2022-02-08	8.67	8.91	8.61	8.88	1403756	19999336.00
2022-02-09	8.81	8.94	8.77	8.85	948458	13609577.00
2022-02-10	8.90	8.94	8.74	8.88	1288452	18441502.00
2022-02-11	8.86	8.86	8.63	8.66	1125576	15868028.00
2022-02-14	8.64	8.71	8.49	8.53	867122	12099581.00
2022-02-15	8.57	8.75	8.50	8.65	1171084	16437480.00
2022-02-16	8.67	8.91	8.67	8.86	1417644	20227628.00
2022-02-17	8.88	8.92	8.76	8.81	1179875	16876786.00
2022-02-18	8.80	8.80	8.69	8.75	823352	11671248.00
2022-02-21	8.79	8.89	8.74	8.86	1029252	14733278.00
2022-02-22	8.83	9.11	8.69	8.93	1966292	28271138.00
2022-02-23	8.90	9.01	8.76	8.98	1660530	23949184.00
2022-02-24	9.33	10.01	9.24	10.01	8409441	132523744.00
2022-02-25	10.04	10.90	9.65	10.41	16910790	273887584.00
2022-02-28	9.76	10.23	9.33	9.82	9925751	154674016.00
2022-03-01	9.69	9.94	9.49	9.66	6096303	94184192.00
2022-03-02	9.69	9.97	9.51	9.94	6595088	102949128.00
2022-03-03	9.90	9.97	9.64	9.66	4938199	77126952.00
2022-03-04	9.66	9.82	9.39	9.54	3717146	57091536.00
2022-03-07	9.51	9.60	9.15	9.25	3149394	47350740.00
2022-03-08	9.34	9.36	8.61	8.65	4103034	59045032.00
2022-03-09	8.70	9.14	8.47	8.91	4244718	61012384.00
2022-03-10	9.02	9.33	8.83	9.07	3300618	48539528.00
2022-03-11	8.87	9.05	8.67	8.90	2035922	29191138.00
2022-03-14	8.77	8.84	8.42	8.42	2110938	29437316.00
2022-03-15	8.42	8.42	7.61	7.61	2863000	37655300.00
2022-03-16	7.68	7.84	7.42	7.81	2446723	31028344.00
2022-03-17	8.01	8.16	7.92	8.01	1836787	24223252.00
2022-03-18	8.10	8.25	8.00	8.16	1688316	22562836.00
2022-03-21	8.16	8.37	8.16	8.29	1678544	22661162.00
2022-03-22	8.44	8.50	8.15	8.21	1167300	15701730.00
2022-03-23	8.27	8.46	8.16	8.21	1835755	24942740.00
2022-03-24	8.16	8.29	8.01	8.29	1292554	17177420.00
2022-03-25	8.29	8.35	8.07	8.07	1272600	17018550.00
2022-03-28	8.09	8.29	7.83	8.19	1332700	17717588.00
2022-03-29	8.19	8.26	7.94	7.96	1153408	15247981.00
2022-03-30	8.06	8.09	7.90	8.03	894839	11766851.00
2022-03-31	8.03	8.11	7.90	7.96	1112884	14630073.00
2022-04-01	7.94	7.94	7.77	7.92	797592	10327857.00
2022-04-06	7.91	8.11	7.84	8.07	1019392	13426511.00
2022-04-07	8.06	8.06	7.84	7.84	1035508	13499436.00
2022-04-08	7.89	7.94	7.61	7.70	940523	11983150.00
2022-04-11	7.69	7.69	7.27	7.29	1105954	13660520.00
2022-04-12	7.39	7.64	7.26	7.63	918835	11331222.00
2022-04-13	7.61	7.61	7.33	7.36	714000	8825899.00
2022-04-14	7.43	7.52	7.38	7.46	581709	7188465.00
2022-04-15	7.50	7.54	7.24	7.27	1037123	12764036.00
2022-04-18	7.27	7.38	7.04	7.36	926368	11164197.00
2022-04-19	7.44	7.49	7.34	7.38	961823	11831844.00
2022-04-20	7.36	7.46	7.26	7.35	766400	9395310.00
2022-04-21	7.34	7.34	6.94	7.00	1342353	15966607.00
2022-04-22	6.92	7.41	6.84	7.31	2327266	27977172.00
2022-04-25	7.14	7.33	6.48	6.49	2352722	27197094.00
2022-04-26	6.53	6.76	6.36	6.42	1679522	18721016.00
2022-04-27	6.48	6.61	6.11	6.59	1821890	19729464.00
2022-04-28	6.59	6.64	6.30	6.36	1215600	13347026.00
2022-04-29	6.37	6.83	6.37	6.76	1557724	17604368.00
2022-05-05	6.86	7.04	6.77	6.98	1320500	15406117.00
2022-05-06	6.85	6.99	6.78	6.94	1331977	15490033.00
2022-05-09	6.97	7.19	6.83	7.11	1395485	16522671.00
2022-05-10	7.01	7.44	7.01	7.39	1785996	21629362.00
2022-05-11	7.36	7.65	7.24	7.26	2194436	27102978.00
2022-05-12	7.36	8.12	7.35	8.12	2208208	28790252.00
2022-05-13	8.12	8.22	7.60	7.79	6944626	89680928.00
2022-05-16	7.67	7.72	7.51	7.59	3010622	37969360.00
2022-05-17	7.61	8.49	7.44	7.97	7588789	100693072.00
2022-05-18	7.97	7.99	7.68	7.76	4778182	61716336.00
2022-05-19	7.55	7.76	7.49	7.64	3078968	38786848.00
2022-05-20	7.73	7.86	7.64	7.75	2447784	31226254.00
2022-05-23	7.76	7.85	7.65	7.71	1420800	18095032.00
2022-05-24	7.73	7.81	7.34	7.34	1832200	22955744.00
2022-05-25	7.36	7.56	7.34	7.53	1315441	16312564.00
2022-05-26	7.53	7.64	7.44	7.61	1256900	15718605.00
2022-05-27	7.69	7.69	7.44	7.55	1030200	12866122.00
2022-05-30	7.64	7.68	7.54	7.63	971739	12231846.00
2022-05-31	7.54	7.72	7.54	7.70	1160780	14708941.00
2022-06-01	7.66	7.87	7.62	7.84	1956809	25147156.00
2022-06-02	7.86	7.94	7.73	7.91	1382346	17864148.00
2022-06-06	7.90	8.02	7.83	8.01	1987555	26013478.00
2022-06-07	8.16	8.16	7.84	7.89	1891254	23743422.00
2022-06-08	7.89	8.05	7.79	7.97	1817184	22855642.00
2022-06-09	8.09	8.16	7.81	7.82	1449100	18201488.00
2022-06-10	7.82	7.94	7.76	7.89	1139900	14230089.00
2022-06-13	7.81	7.89	7.69	7.77	1179041	14530949.00
2022-06-14	7.69	7.83	7.48	7.81	1375300	16730391.00
2022-06-15	7.80	7.86	7.73	7.73	1209700	14945491.00
2022-06-16	7.71	7.79	7.70	7.73	795800	9776261.00
2022-06-17	7.76	7.80	7.61	7.71	1011000	12348333.00
2022-06-20	7.80	7.92	7.69	7.91	1243600	15423584.00
2022-06-21	7.94	8.01	7.77	7.87	1327100	16565175.00
2022-06-22	7.82	7.84	7.64	7.66	1350900	16563936.00
2022-06-23	7.61	8.01	7.54	7.97	2471571	30691912.00
2022-06-24	7.97	8.01	7.84	7.89	1827254	22859776.00
2022-06-27	7.96	8.29	7.86	8.29	3783677	48347960.00
2022-06-28	8.37	9.21	8.23	9.21	13342568	187779696.00
2022-06-29	9.21	9.29	8.50	8.54	11484017	156512432.00
2022-06-30	8.47	8.85	8.35	8.60	6779029	91421472.00
2022-07-01	8.56	8.89	8.46	8.66	4778454	65052536.00
2022-07-04	8.49	8.81	8.26	8.65	3689665	49606360.00
2022-07-05	8.64	8.69	8.37	8.57	3063402	40962128.00
2022-07-06	8.42	8.68	8.29	8.39	2925600	38755476.00
2022-07-07	8.34	8.54	8.34	8.47	2155276	28604002.00
2022-07-08	8.41	8.57	8.39	8.44	2015700	26774846.00
2022-07-11	8.51	9.03	8.37	8.85	7741802	106597232.00
2022-07-12	8.85	8.85	8.46	8.51	3921600	52879952.00
2022-07-13	8.39	8.97	8.39	8.86	4896862	67187520.00
2022-07-14	8.86	8.86	8.55	8.61	3440800	46540112.00
2022-07-15	8.72	8.72	8.39	8.39	2765265	36788312.00
2022-07-18	8.27	8.96	8.27	8.89	6617800	91122776.00
2022-07-19	8.93	8.93	8.64	8.80	3383484	46378668.00
2022-07-20	8.71	8.84	8.57	8.76	3429138	46542568.00
2022-07-21	8.71	8.74	8.49	8.54	2293900	30846630.00
2022-07-22	8.51	8.64	8.41	8.53	1800374	24030040.00
2022-07-25	8.48	8.56	8.38	8.39	1465561	19414896.00
2022-07-26	8.35	8.46	8.16	8.44	2253431	29382348.00
2022-07-27	8.43	8.83	8.36	8.54	2369200	31908100.00
2022-07-28	8.56	8.71	8.54	8.62	2137806	28855290.00
2022-07-29	8.64	8.86	8.54	8.64	2636265	35890168.00
2022-08-01	8.66	8.70	8.48	8.53	1700149	22758962.00
2022-08-02	8.55	8.55	7.91	7.94	2820400	35899288.00
2022-08-03	7.94	8.21	7.93	7.96	1709247	21812456.00
2022-08-04	8.00	8.29	7.97	8.16	1393400	17871884.00
2022-08-05	8.16	8.19	8.06	8.16	1312684	16837254.00
2022-08-08	8.17	8.31	8.10	8.29	881838	11447627.00
2022-08-09	8.26	8.35	8.19	8.25	1328592	17270288.00
2022-08-10	8.25	8.29	8.21	8.22	742303	9626540.00
2022-08-11	8.28	8.39	8.26	8.34	1203938	15783274.00
2022-08-12	8.37	8.44	8.29	8.30	1046187	13748319.00
2022-08-15	8.29	8.48	8.21	8.44	1508454	19825678.00
2022-08-16	8.41	8.69	8.41	8.59	3247706	43789528.00
2022-08-17	8.65	8.76	8.54	8.65	2897249	39289768.00
2022-08-18	8.64	8.64	8.46	8.49	2032249	27224320.00
2022-08-19	8.54	8.74	8.40	8.63	2566384	34531360.00
2022-08-22	8.63	8.86	8.60	8.66	2621366	35639120.00
2022-08-23	8.64	9.09	8.54	8.96	5883447	81812648.00
2022-08-24	8.83	8.96	8.62	8.65	3339354	45695100.00
2022-08-25	8.68	9.06	8.58	8.86	5439210	75178352.00
2022-08-26	8.82	8.82	8.50	8.58	3571710	48419464.00
2022-08-29	8.61	8.64	8.41	8.64	1433800	19206446.00
2022-08-30	8.64	8.71	8.35	8.45	2179200	28977488.00
2022-08-31	8.39	8.39	7.96	8.01	2073200	26462114.00
2022-09-01	8.07	8.11	7.84	7.86	1394100	17537900.00
2022-09-02	7.83	8.02	7.81	7.99	1031100	12983305.00
2022-09-05	7.98	8.34	7.98	8.24	1735600	22452240.00
2022-09-06	8.34	8.38	8.19	8.31	1195634	15569316.00
2022-09-07	8.26	8.36	8.23	8.32	1146900	14968922.00
2022-09-08	8.33	8.43	8.25	8.26	919500	12048277.00
2022-09-09	8.26	8.31	8.13	8.17	868800	11210671.00
2022-09-13	8.17	8.24	8.11	8.19	709701	9132334.00
2022-09-14	8.04	8.11	7.98	8.10	740154	9406967.00
2022-09-15	8.10	8.16	7.77	7.88	1210900	15137912.00
2022-09-16	7.88	7.88	7.53	7.56	1606173	19578728.00
2022-09-19	7.65	7.65	7.34	7.49	1017110	12072426.00
2022-09-20	7.44	7.60	7.44	7.57	511847	6161780.00
2022-09-21	7.55	7.68	7.48	7.66	752739	9097814.00
2022-09-22	7.67	7.67	7.61	7.67	572054	6951362.00
2022-09-23	7.67	7.69	7.47	7.57	671670	8088735.00
2022-09-26	7.49	7.51	7.11	7.29	1319347	15367008.00
2022-09-27	7.20	7.36	7.20	7.36	518436	6047283.00
2022-09-28	7.36	7.43	7.23	7.26	963054	11242729.00
2022-09-29	7.30	7.37	7.19	7.24	815954	9510872.00
2022-09-30	7.26	7.27	6.97	7.09	689354	7864720.00
2022-10-10	7.09	7.21	6.90	6.94	600054	6765425.00
2022-10-11	6.97	7.16	6.86	7.13	791300	8926504.00
2022-10-12	7.14	7.27	6.99	7.26	620354	7101405.00
2022-10-13	7.23	7.34	7.19	7.31	843054	9811616.00
2022-10-14	7.38	7.43	7.31	7.43	770054	9070461.00
2022-10-17	7.43	7.46	7.36	7.44	555400	6568213.00
2022-10-18	7.44	7.56	7.44	7.54	983300	11761384.00
2022-10-19	7.53	7.70	7.44	7.61	1331700	16125144.00
2022-10-20	7.64	7.64	7.41	7.46	1252700	14955535.00
2022-10-21	7.51	7.61	7.44	7.54	724384	8666881.00
2022-10-24	7.49	7.59	7.34	7.35	810400	9657894.00
2022-10-25	7.33	7.46	7.26	7.40	702700	8258563.00
2022-10-26	7.40	7.54	7.40	7.45	679584	8088965.00
2022-10-27	7.43	7.56	7.39	7.44	1009900	12014780.00
2022-10-28	7.50	7.50	7.11	7.12	1080654	12500123.00
2022-10-31	7.16	7.25	7.10	7.21	614000	7047352.00
2022-11-01	7.24	7.48	7.21	7.48	1071800	12639710.00
2022-11-02	7.47	7.55	7.42	7.51	960400	11469892.00
2022-11-03	7.56	7.64	7.47	7.57	956754	11484313.00
2022-11-04	7.60	7.69	7.58	7.63	1255049	15199114.00
2022-11-07	7.63	7.77	7.62	7.72	1598712	19575924.00
2022-11-08	7.76	7.80	7.64	7.71	915314	11184588.00
2022-11-09	7.74	7.74	7.67	7.71	792600	9694036.00
2022-11-10	7.71	7.73	7.62	7.66	639600	7790159.00
2022-11-11	7.75	7.81	7.65	7.66	784800	9579745.00
2022-11-14	7.84	7.85	7.69	7.82	1209334	14883463.00
2022-11-15	7.82	7.86	7.74	7.83	1017000	12586953.00
2022-11-16	7.84	7.91	7.80	7.86	1016070	12634285.00
2022-11-17	7.81	7.89	7.76	7.87	662900	8232825.00
2022-11-18	7.87	7.97	7.86	7.86	1104800	13826657.00
2022-11-21	7.87	7.87	7.71	7.87	562300	6963506.00
2022-11-22	7.89	7.99	7.84	7.88	1139300	14299446.00
2022-11-23	7.90	7.96	7.69	7.76	1038300	12778761.00
2022-11-24	7.82	7.84	7.72	7.75	849654	10470625.00
2022-11-25	7.71	7.97	7.70	7.85	1684954	21053200.00
2022-11-28	7.82	8.14	7.65	8.11	3278480	41414312.00
2022-11-29	8.08	8.09	7.91	7.99	2266392	28584352.00
2022-11-30	7.99	8.21	7.94	8.04	2529938	32289608.00
2022-12-01	8.06	8.07	7.90	7.91	1838938	23173804.00
2022-12-02	7.84	8.00	7.84	7.91	979454	12226888.00
2022-12-05	7.91	7.97	7.87	7.97	1248663	15650634.00
2022-12-06	7.96	8.00	7.82	7.84	1048200	13068743.00
2022-12-07	7.84	7.86	7.74	7.85	843100	10429964.00
2022-12-08	7.83	7.88	7.75	7.85	1122088	13891895.00
2022-12-09	7.84	7.86	7.77	7.85	841739	10422083.00
2022-12-12	7.85	7.85	7.66	7.80	1356788	16654169.00
2022-12-13	7.76	7.84	7.73	7.78	648108	7982404.00
2022-12-14	7.74	7.81	7.72	7.74	597354	7339013.00
2022-12-15	7.73	7.81	7.73	7.81	742184	9151180.00
2022-12-16	7.76	7.83	7.75	7.82	825254	10187670.00
2022-12-19	7.89	7.92	7.42	7.48	2062200	25179910.00
2022-12-20	7.49	7.68	7.37	7.56	794654	9537842.00
2022-12-21	7.57	7.65	7.46	7.49	798754	9582184.00
2022-12-22	7.49	7.51	7.28	7.30	600300	7073659.00
2022-12-23	7.27	7.47	7.27	7.42	730054	8615527.00
2022-12-26	7.42	7.56	7.39	7.42	731254	8712581.00
2022-12-27	7.44	7.53	7.41	7.50	533284	6347224.00
2022-12-28	7.47	7.61	7.42	7.51	565384	6785716.00
2022-12-29	7.51	7.51	7.40	7.45	607048	7198413.00
2022-12-30	7.46	7.60	7.40	7.59	777154	9326484.00
2023-01-03	7.62	7.69	7.60	7.68	1104738	13402271.00
2023-01-04	7.67	7.72	7.65	7.72	818354	9983082.00
2023-01-05	7.72	7.76	7.66	7.74	609338	7461606.00
2023-01-06	7.78	7.79	7.67	7.69	819000	10037387.00
2023-01-09	7.69	7.74	7.66	7.66	659500	8057070.00
2023-01-10	7.69	7.73	7.64	7.68	913348	11145400.00
2023-01-11	7.72	7.72	7.59	7.60	719800	8742053.00
2023-01-12	7.59	7.68	7.51	7.54	725748	8738522.00
2023-01-13	7.56	7.61	7.51	7.55	482748	5802558.00
2023-01-16	7.56	7.71	7.55	7.69	951600	11581288.00
2023-01-17	7.72	7.74	7.67	7.74	941842	11512730.00
2023-01-18	7.75	7.81	7.71	7.74	771419	9484746.00
2023-01-19	7.72	7.79	7.70	7.76	742503	9136710.00
2023-01-20	7.76	7.81	7.75	7.81	689405	8522726.00
2023-01-30	7.86	7.94	7.86	7.91	1293100	16193724.00
2023-01-31	7.92	7.94	7.86	7.94	757184	9485542.00
2023-02-01	7.92	8.04	7.92	8.04	1344654	17015228.00
2023-02-02	8.08	8.10	7.99	8.09	968600	12318541.00
2023-02-03	8.09	8.16	8.03	8.14	1253831	15995457.00
2023-02-06	8.14	8.27	8.12	8.18	1331300	17207220.00
2023-02-07	8.19	8.67	8.15	8.46	4042362	53627660.00
2023-02-08	8.56	8.68	8.44	8.60	3405800	45728000.00
2023-02-09	8.56	8.72	8.54	8.67	2700281	36708092.00
2023-02-10	8.67	8.76	8.64	8.74	1796854	24505132.00
2023-02-13	8.96	9.53	8.86	9.41	7980522	114582928.00
2023-02-14	9.33	10.17	9.20	9.99	9038818	138436688.00
2023-02-15	10.02	10.31	9.75	10.14	7484187	116127152.00
2023-02-16	10.10	10.14	9.69	9.79	7442280	114192640.00
2023-02-17	9.82	10.11	9.74	9.80	3457254	52985488.00
2023-02-20	9.79	10.29	9.72	10.09	4869700	74970992.00
2023-02-21	10.09	10.29	10.01	10.19	3186284	50011532.00
2023-02-22	10.31	10.31	9.91	10.19	2201462	34625996.00
2023-02-23	10.38	10.39	10.01	10.09	4082000	63939516.00
2023-02-24	10.14	10.18	9.97	10.04	2529984	39265648.00
2023-02-27	10.08	10.10	9.54	9.63	3446845	52028396.00
2023-02-28	9.64	9.81	9.44	9.81	4142844	61867808.00
2023-03-01	9.89	10.21	9.89	10.09	3160900	49157240.00
2023-03-02	10.09	10.19	10.01	10.04	2023500	31477420.00
2023-03-03	10.19	10.19	9.94	10.06	1965400	30412274.00
2023-03-06	10.15	10.15	9.93	10.01	1507664	23255656.00
2023-03-07	10.03	10.03	9.55	9.70	2131867	32013716.00
2023-03-08	9.61	9.69	9.42	9.55	1624500	23984418.00
2023-03-09	9.61	9.81	9.50	9.58	1389884	20751648.00
2023-03-10	9.67	9.67	9.39	9.46	1162576	17107624.00
2023-03-13	9.35	9.59	9.11	9.34	2296900	33133140.00
2023-03-14	9.40	9.41	8.98	9.14	2102500	29925308.00
2023-03-15	9.21	9.39	9.12	9.19	1151000	16569487.00
2023-03-16	9.14	9.24	9.01	9.02	1272400	18004266.00
2023-03-17	9.10	9.17	9.01	9.09	989200	14016189.00
2023-03-20	9.16	9.51	9.14	9.19	2948400	42559072.00
2023-03-21	9.29	9.32	9.18	9.21	1329045	19107512.00
2023-03-22	9.19	9.46	9.19	9.33	1358654	19639530.00
2023-03-23	9.31	9.74	9.26	9.59	2011222	29842044.00
2023-03-24	9.59	9.94	9.51	9.82	2778775	41829084.00
2023-03-27	9.81	10.21	9.75	10.14	3854456	59364040.00
2023-03-28	10.16	10.33	9.76	9.93	3766700	58578116.00
2023-03-29	10.01	10.17	9.86	10.01	2380000	36914012.00
2023-03-30	10.15	10.19	9.59	9.71	4367884	66124164.00
2023-03-31	9.81	9.83	9.68	9.76	1410900	21282872.00
2023-04-03	9.86	9.86	9.49	9.54	2418068	35937020.00
2023-04-04	9.51	9.56	9.16	9.21	2483845	35794580.00
2023-04-06	9.21	9.33	9.14	9.20	1116300	16019344.00
2023-04-07	9.19	9.36	9.15	9.21	1057800	15214555.00
2023-04-10	9.16	9.16	8.90	9.04	1759800	24857928.00
2023-04-11	9.05	9.09	8.95	9.01	1145775	16092802.00
2023-04-12	9.06	9.06	8.92	9.02	998920	13971282.00
2023-04-13	8.97	9.08	8.91	8.93	1049044	14660344.00
2023-04-14	8.93	9.11	8.83	9.05	1605500	22446966.00
2023-04-17	9.05	9.44	9.02	9.21	1983176	28499180.00
2023-04-18	9.24	9.32	9.08	9.14	965500	13750929.00
2023-04-19	9.14	9.24	9.05	9.12	1246600	17713884.00
2023-04-20	9.13	9.13	8.99	9.00	884800	12479770.00
2023-04-21	9.06	9.06	8.90	8.91	1311300	18320852.00
2023-04-24	8.90	8.96	8.83	8.86	1373475	19013268.00
2023-04-25	8.91	9.04	8.69	8.86	2040400	28227980.00
2023-04-26	8.71	8.83	8.56	8.74	2940500	40019392.00
2023-04-27	8.93	8.99	8.66	8.90	1783200	24665180.00
2023-04-28	8.90	9.23	8.85	9.22	1323099	18786664.00
2023-05-04	9.14	9.89	9.14	9.74	2957508	44134920.00
2023-05-05	9.74	9.74	9.56	9.71	1879655	28138092.00
2023-05-08	9.66	9.81	9.44	9.61	2149300	31994128.00
2023-05-09	9.55	9.58	9.23	9.23	3239883	32242122.00
2023-05-10	9.25	9.53	9.25	9.41	2500709	25087428.00
2023-05-11	9.40	9.74	9.35	9.71	2008480	20536942.00
2023-05-12	9.82	10.35	9.71	10.17	6853105	73481680.00
2023-05-15	10.40	10.75	10.12	10.61	12859987	142789760.00
2023-05-16	10.60	10.66	10.10	10.22	8461440	92257952.00
2023-05-17	10.17	10.32	9.88	10.31	5121945	54881232.00
2023-05-18	10.20	10.50	10.10	10.16	3327616	36010016.00
2023-05-19	10.17	10.26	10.04	10.18	2575740	27746450.00
2023-05-22	10.19	10.80	9.91	10.75	9987363	111996056.00
2023-05-23	10.58	10.78	10.28	10.41	6947618	77029264.00
2023-05-24	10.56	11.51	10.49	11.51	4799323	57487272.00
2023-05-25	12.72	12.72	12.72	12.72	2705320	36034864.00
2023-05-26	14.05	14.05	12.53	14.05	39612734	552739904.00
2023-05-29	14.31	15.52	14.29	15.52	23794034	372003296.00
2023-05-30	16.65	17.13	15.02	17.13	47127110	801235520.00
2023-05-31	16.20	16.33	15.36	15.36	29997011	487349664.00
2023-06-01	13.80	14.63	13.76	13.76	29195654	424027040.00
2023-06-02	13.12	13.45	12.60	12.60	32865060	444471360.00
2023-06-05	12.70	13.19	12.50	12.98	26081960	351778432.00
2023-06-06	12.69	12.80	12.35	12.39	21144293	276776192.00
2023-06-07	12.36	12.61	12.22	12.58	13556800	177308624.00
2023-06-08	12.58	13.65	12.43	13.40	30453686	417652768.00
2023-06-09	13.17	13.70	12.80	13.16	24208903	333433984.00
2023-06-12	14.04	14.04	13.25	13.33	23864769	340102400.00
2023-06-13	13.39	13.78	13.01	13.10	14976185	206992016.00
2023-06-14	13.02	13.16	12.58	12.72	13719575	183266464.00
2023-06-15	12.80	12.90	12.52	12.85	10127933	135205456.00
2023-06-16	12.75	12.80	12.48	12.60	9607493	126723808.00
2023-06-19	12.48	12.76	12.39	12.66	8334817	110000472.00
2023-06-20	12.75	12.80	12.42	12.47	7073960	92724032.00
2023-06-21	12.35	12.85	12.30	12.48	10811640	143026464.00
2023-06-26	12.38	13.79	12.36	13.79	26639368	368310496.00
2023-06-27	14.28	14.28	13.09	13.54	26545554	377458400.00
2023-06-28	13.33	14.85	13.20	14.27	30765543	456145792.00
2023-06-29	13.90	13.98	13.20	13.29	22010493	308335168.00
2023-06-30	12.98	13.16	12.64	12.89	14689390	197396608.00
2023-07-03	12.87	13.15	12.57	13.10	13627863	184319360.00
2023-07-04	12.98	12.98	12.75	12.87	8884217	119236408.00
2023-07-05	12.95	13.76	12.91	13.36	19020747	265777904.00
2023-07-06	13.20	13.70	12.92	13.50	15739243	219411904.00
2023-07-07	13.29	14.30	13.20	14.23	28840408	420929984.00
2023-07-10	14.45	14.73	13.80	14.32	24501809	364245184.00
2023-07-11	13.96	14.09	13.57	13.90	14222843	204631648.00
2023-07-12	13.80	13.90	13.48	13.82	13779774	196542560.00
2023-07-13	13.60	13.95	13.45	13.53	10024099	142398560.00
2023-07-14	13.40	13.42	12.75	12.78	12744836	171910896.00
2023-07-17	12.74	12.88	12.70	12.82	5293080	70784656.00
2023-07-18	12.80	12.82	12.16	12.21	8391193	108444808.00
2023-07-19	12.29	12.44	12.10	12.33	4847600	62328136.00
2023-07-20	12.33	12.33	11.67	11.70	7203243	90287072.00
2023-07-21	11.63	11.78	11.50	11.51	4579193	55883264.00
2023-07-24	11.52	11.61	11.40	11.51	2361880	28601280.00
2023-07-25	11.57	11.71	11.46	11.66	4580877	55769664.00
2023-07-26	11.60	11.62	11.33	11.45	4138497	49856720.00
2023-07-27	11.44	11.57	11.19	11.23	3409597	40815212.00
2023-07-28	11.23	11.30	11.08	11.26	3789680	44710964.00
2023-07-31	11.25	11.47	11.20	11.42	3341120	39950900.00
2023-08-01	11.45	12.50	11.25	12.05	12343083	154167536.00
2023-08-02	11.90	11.90	11.60	11.64	6293380	77129056.00
2023-08-03	11.52	11.93	11.50	11.63	4820780	59410884.00
2023-08-04	11.68	11.79	11.45	11.47	4574441	55449936.00
2023-08-07	11.41	11.55	11.33	11.49	2611080	31455768.00
2023-08-08	11.48	11.63	11.25	11.35	3188680	38301796.00
2023-08-09	11.33	11.34	11.15	11.17	2616080	30909952.00
2023-08-10	11.23	11.35	11.18	11.33	2842260	33868664.00
2023-08-11	11.31	11.38	11.14	11.14	2301340	27197032.00
2023-08-14	11.10	11.38	10.92	11.36	3220880	38153104.00
2023-08-15	11.36	11.36	11.11	11.19	1954136	23078962.00
2023-08-16	11.25	11.35	10.99	11.00	2608956	30643886.00
2023-08-17	11.01	11.27	10.85	11.23	3279916	38379872.00
2023-08-18	11.20	11.49	11.17	11.22	3182676	37946908.00
2023-08-21	11.21	11.40	11.18	11.31	2039020	24292016.00
2023-08-22	11.27	11.40	10.89	11.19	3858700	45206256.00
2023-08-23	11.13	11.21	10.98	10.99	2002738	23403444.00
2023-08-24	10.99	11.06	10.76	10.81	2201780	25269084.00
2023-08-25	10.81	10.97	10.58	10.59	2420740	27381296.00
2023-08-28	10.92	11.14	10.64	10.69	3587940	41247728.00
2023-08-29	10.61	11.06	10.60	11.03	3356140	38716164.00
2023-08-30	11.07	11.15	10.87	10.97	2202040	25587144.00
2023-08-31	10.95	11.10	10.84	10.96	2208360	25471384.00
2023-09-01	10.95	11.00	10.81	10.83	1965420	22559556.00
2023-09-04	10.90	11.05	10.75	11.04	2191620	25313148.00
2023-09-05	11.05	11.25	11.00	11.16	2399860	28161064.00
2023-09-06	11.10	11.19	10.93	11.00	1972520	22866816.00
2023-09-07	10.98	11.06	10.81	10.83	1833880	21055484.00
2023-09-08	10.83	11.12	10.82	10.92	1606640	18541584.00
2023-09-11	10.90	11.05	10.83	11.01	1979236	22895732.00
2023-09-12	11.05	11.22	10.98	11.13	2164515	25342768.00
2023-09-13	11.11	11.54	10.96	11.00	3594917	42449976.00
2023-09-14	10.99	11.16	10.79	10.85	2475600	28510580.00
2023-09-15	10.86	10.88	10.72	10.77	1670460	18984024.00
2023-09-18	10.71	10.99	10.61	10.97	2308740	26551582.00
2023-09-19	10.91	10.98	10.63	10.70	1833120	20881756.00
2023-09-20	10.65	10.71	10.45	10.48	1765860	19669512.00
2023-09-21	10.48	10.59	10.40	10.49	1211000	13429809.00
2023-09-22	10.49	10.68	10.40	10.65	1607040	17976222.00
2023-09-25	10.65	10.71	10.50	10.55	1206900	13501651.00
2023-09-26	10.59	10.65	10.47	10.61	949480	10599172.00
2023-09-27	10.55	10.75	10.52	10.54	1214880	13635004.00
2023-09-28	10.55	11.05	10.55	10.77	2585039	29463462.00
2023-10-09	10.70	10.93	10.61	10.68	1720020	19470972.00
2023-10-10	10.73	10.78	10.58	10.62	1470900	16564446.00
2023-10-11	10.69	10.70	10.41	10.48	1727340	19227512.00
2023-10-12	10.46	10.56	10.43	10.49	1148200	12714057.00
2023-10-13	10.49	10.54	10.25	10.30	1649820	18038432.00
2023-10-16	10.30	10.39	10.24	10.34	1048860	11447462.00
2023-10-17	10.38	10.49	10.25	10.29	1010000	11064529.00
2023-10-18	10.29	10.29	10.01	10.03	1172540	12524910.00
2023-10-19	10.04	10.18	9.90	10.02	1241780	13238011.00
2023-10-20	9.93	10.15	9.91	9.98	994759	10554181.00
2023-10-23	9.90	9.93	9.71	9.76	1356460	14113709.00
2023-10-24	9.76	10.25	9.76	10.21	2578136	27586032.00
2023-10-25	10.26	10.38	10.22	10.34	1405076	15335975.00
2023-10-26	10.27	10.52	10.16	10.45	1763176	19316742.00
2023-10-27	10.45	10.69	10.40	10.60	2056940	23020982.00
2023-10-30	10.61	11.04	10.58	10.93	4386475	50523440.00
2023-10-31	11.01	11.17	10.93	11.04	2636133	30666728.00
2023-11-01	11.16	11.16	10.95	11.09	1849312	21551324.00
2023-11-02	11.00	11.14	10.99	11.04	1975240	23057592.00
2023-11-03	11.05	11.22	11.01	11.13	2236136	26291896.00
2023-11-06	11.14	11.25	11.08	11.14	1794040	21055612.00
2023-11-07	11.23	11.27	11.05	11.22	2523800	29770398.00
2023-11-08	11.28	11.33	11.16	11.31	1991556	23661012.00
2023-11-09	11.30	11.48	11.20	11.23	1649280	19636972.00
2023-11-10	11.23	11.34	11.11	11.31	1846670	21916198.00
2023-11-13	11.34	11.46	11.30	11.46	1485890	17860592.00
2023-11-14	11.45	11.48	11.34	11.42	1336850	16047050.00
2023-11-15	11.45	11.50	11.31	11.39	1303680	15628898.00
2023-11-16	11.41	11.42	11.32	11.35	1527500	18293956.00
2023-11-17	11.35	11.41	11.31	11.35	1209520	14475689.00
2023-11-20	11.38	11.48	11.32	11.46	1598340	19194068.00
2023-11-21	11.49	11.51	11.31	11.33	1522380	18291036.00
2023-11-22	11.31	11.44	11.30	11.31	1300200	15551587.00
2023-11-23	11.27	11.45	11.22	11.42	1606068	19266774.00
2023-11-24	11.48	11.48	11.27	11.28	1016340	12108063.00
2023-11-27	11.30	11.43	11.20	11.38	1160080	13856432.00
2023-11-28	11.33	11.53	11.28	11.49	1583160	19094876.00
2023-11-29	11.50	11.50	11.35	11.47	1061468	12741205.00
2023-11-30	11.35	11.47	11.21	11.39	1567916	18737844.00
2023-12-01	11.42	11.61	11.36	11.43	2578560	31204792.00
2023-12-04	11.43	11.50	11.25	11.42	2558440	30559958.00
2023-12-05	11.36	11.45	11.21	11.21	1956140	23356782.00
2023-12-06	11.25	11.34	11.15	11.23	1813620	21486252.00
2023-12-07	11.20	11.28	11.08	11.16	2093396	24606988.00
2023-12-08	11.16	11.32	11.01	11.03	1893296	22238276.00
2023-12-11	11.04	11.17	10.87	11.09	2313140	26948624.00
2023-12-12	11.11	11.20	11.02	11.16	1353760	15854649.00
2023-12-13	11.37	11.45	11.20	11.31	2193420	26159848.00
2023-12-14	11.23	11.50	11.15	11.45	3177540	38028120.00
2023-12-15	11.50	11.73	11.26	11.32	4405640	53045008.00
2023-12-18	11.28	11.35	11.02	11.05	3727480	43716332.00
2023-12-19	11.10	11.17	10.86	11.04	2065200	23905592.00
2023-12-20	11.12	11.39	10.91	11.08	2958656	34941764.00
2023-12-21	10.95	11.20	10.75	11.13	2377540	27490736.00
2023-12-22	11.10	11.15	10.86	10.92	2132155	24688304.00
2023-12-25	10.80	10.95	10.71	10.92	1672820	19118774.00
2023-12-26	10.87	10.93	10.72	10.75	1622100	18463794.00
2023-12-27	10.64	10.80	10.62	10.76	1710740	19372564.00
2023-12-28	10.76	10.89	10.61	10.83	1750000	19903380.00
2023-12-29	10.85	11.04	10.79	11.02	1443740	16718379.00
2024-01-02	11.05	11.54	11.03	11.44	5508380	66130960.00
2024-01-03	11.53	11.53	11.17	11.30	3558200	42180664.00
2024-01-04	11.33	11.37	11.15	11.27	2447516	29035432.00
2024-01-05	11.27	11.40	11.02	11.08	2919640	34391664.00
2024-01-08	11.10	11.10	10.85	10.92	1857400	21494968.00
2024-01-09	10.95	11.16	10.84	10.95	2151240	24900300.00
2024-01-10	10.90	11.08	10.83	10.97	2015540	23302918.00
2024-01-11	10.92	11.02	10.88	10.92	1684400	19446164.00
2024-01-12	10.92	11.19	10.92	11.01	2192220	25579394.00
2024-01-15	11.01	11.09	10.87	10.88	1558740	17977766.00
2024-01-16	10.87	10.93	10.58	10.75	2102900	23835346.00
2024-01-17	10.83	10.91	10.58	10.64	2080000	23661828.00
2024-01-18	10.62	10.62	10.14	10.46	3028220	33082604.00
2024-01-19	10.45	10.48	10.27	10.31	1932240	21148940.00
2024-01-22	10.36	10.36	9.61	9.72	2545800	26825418.00
2024-01-23	9.92	9.92	9.37	9.53	3313240	33363652.00
2024-01-24	9.53	9.72	9.25	9.59	2699620	27276456.00
2024-01-25	9.58	10.24	9.52	10.19	3286311	34762896.00
2024-01-26	10.19	10.45	10.19	10.20	2582500	28210648.00
2024-01-29	10.15	10.21	9.87	9.87	1755500	18592800.00
2024-01-30	10.03	10.07	9.64	9.66	2822500	29422508.00
2024-01-31	9.61	10.10	9.26	9.38	4478620	45652072.00
2024-02-01	9.21	9.24	8.88	9.02	3838920	37098356.00
2024-02-02	8.95	9.17	8.12	8.39	3678640	33906720.00
2024-02-05	8.39	8.48	7.49	7.49	3382080	27799532.00
2024-02-06	6.74	7.19	6.68	6.81	6185723	45839032.00
2024-02-07	6.78	6.78	6.07	6.12	8668523	59161136.00
2024-02-08	6.10	6.79	5.77	6.79	8775396	60879288.00
2024-02-19	6.89	7.49	6.79	7.32	6543334	51245800.00
2024-02-20	7.40	7.41	7.08	7.30	3686480	28982296.00
2024-02-21	7.32	7.72	7.21	7.50	3669880	29811376.00
2024-02-22	7.49	7.85	7.43	7.85	3791250	31365128.00
2024-02-23	7.83	8.08	7.80	8.08	3026960	25855392.00
2024-02-26	8.11	8.56	8.00	8.37	4617540	41019284.00
2024-02-27	8.29	8.49	8.15	8.47	2441520	21926988.00
2024-02-28	8.54	8.70	7.64	7.66	5610180	49508156.00
2024-02-29	7.68	7.99	7.56	7.93	3336740	28255700.00
2024-03-01	7.93	8.14	7.92	8.10	2273000	19625812.00
2024-03-04	8.07	8.18	7.84	8.16	2315520	19942976.00
2024-03-05	8.07	8.14	7.91	7.93	1681540	14480710.00
2024-03-06	7.91	8.35	7.91	8.15	2925620	25496032.00
2024-03-07	8.15	8.45	8.12	8.30	3961200	35214080.00
2024-03-08	8.43	8.45	8.18	8.31	3521300	31359104.00
2024-03-11	8.38	8.47	8.30	8.47	3315030	29819344.00
2024-03-12	8.55	8.65	8.31	8.62	4403240	39954508.00
2024-03-13	8.63	9.02	8.51	8.92	6420030	60105740.00
2024-03-14	8.98	9.87	8.79	9.87	11113287	110546464.00
2024-03-15	10.92	10.92	10.85	10.92	6758521	77855136.00
2024-03-18	10.91	12.07	9.91	10.93	28266732	325875072.00
2024-03-19	10.41	10.69	10.03	10.20	18187426	199207280.00
2024-03-20	10.06	10.09	9.81	9.92	10440576	109617384.00
2024-03-21	9.93	10.07	9.67	9.73	8546787	88778328.00
2024-03-22	9.68	9.85	9.59	9.78	7387593	76445224.00
2024-03-25	9.78	10.09	9.59	9.68	7795589	81452480.00
2024-03-26	9.52	9.80	9.25	9.42	6713320	67784840.00
2024-03-27	9.35	9.59	9.11	9.11	4640800	46370028.00
2024-03-28	9.10	9.41	8.97	9.33	4914700	48422648.00
2024-03-29	9.33	9.54	9.31	9.53	4079840	41101112.00
2024-04-01	9.65	9.68	9.43	9.59	3551340	36039600.00
2024-04-02	9.55	9.75	9.51	9.69	4075116	41802900.00
2024-04-03	9.75	9.75	9.47	9.70	3486616	35576056.00
2024-04-08	9.67	10.73	9.50	10.73	12510810	134241520.00
2024-04-09	10.70	10.73	10.17	10.25	11529746	126597512.00
2024-04-10	10.29	11.34	10.23	10.40	9724110	108014592.00
2024-04-11	10.23	10.69	9.85	10.68	10072356	111262008.00
2024-04-12	10.46	10.54	10.02	10.10	8614307	93012248.00
2024-04-15	9.85	10.90	9.78	9.98	8198220	89583384.00
2024-04-16	9.60	9.62	8.92	8.92	7675340	74048408.00
2024-04-17	8.83	9.65	8.83	9.59	6459420	64755324.00
2024-04-18	9.60	9.60	9.23	9.25	5025995	50260352.00
2024-04-19	9.25	9.50	9.20	9.31	3066555	30527648.00
2024-04-22	9.28	9.28	8.87	9.12	2958600	28596740.00
2024-04-23	9.12	9.24	9.01	9.10	1869406	18197832.00
2024-04-24	9.03	9.31	9.03	9.27	2079200	20424228.00
2024-04-25	9.28	9.51	9.17	9.46	2424266	24149944.00
2024-04-26	9.54	9.68	9.36	9.43	3701000	37406352.00
2024-04-29	9.32	9.59	9.26	9.56	2980740	29923968.00
2024-04-30	9.55	9.67	9.41	9.49	2172920	21976404.00
2024-05-06	9.59	9.93	9.55	9.93	4538055	47113696.00
2024-05-07	9.96	10.01	9.74	10.01	3375100	35374860.00
2024-05-08	9.99	10.49	9.91	10.18	7040780	76204808.00
2024-05-09	10.00	10.22	9.95	10.18	4073660	43673944.00
2024-05-10	10.08	10.53	10.04	10.40	7042230	77423512.00
2024-05-13	10.40	10.70	10.26	10.65	8102590	90140944.00
2024-05-14	10.46	10.58	10.17	10.22	7239150	78965240.00
2024-05-15	10.10	10.26	9.93	9.97	4123840	43901540.00
2024-05-16	10.10	10.15	9.90	9.99	2463500	26133490.00
2024-05-17	9.99	10.17	9.95	10.11	2604300	27731120.00
2024-05-20	10.01	10.35	10.01	10.32	3661540	39741508.00
2024-05-21	10.20	10.30	10.03	10.13	2085190	22367216.00
2024-05-22	10.13	10.30	10.01	10.06	1989300	21268814.00
2024-05-23	10.06	10.08	9.66	9.79	2690940	27416776.00
2024-05-24	9.92	10.45	9.79	10.19	6095540	64414168.00
2024-05-27	10.09	10.64	10.08	10.43	6329760	67945752.00
2024-05-28	10.15	11.05	10.15	10.68	9626620	105828568.00
2024-05-29	10.54	10.67	10.30	10.57	6433500	69596272.00
2024-05-30	10.36	10.64	9.91	9.97	5927380	62030252.00
2024-05-31	9.92	9.96	9.66	9.71	4096940	41390400.00
2024-06-03	9.69	9.69	9.40	9.58	3490020	34504564.00
2024-06-04	9.66	9.67	9.37	9.62	2481000	24497268.00
2024-06-05	9.51	9.74	9.36	9.36	2342600	23120224.00
2024-06-06	9.34	9.35	8.90	8.93	3640840	34334596.00
2024-06-07	9.02	9.15	8.92	9.12	2215340	20840402.00
2024-06-11	9.14	9.15	8.96	9.10	1581440	14855819.00
2024-06-12	9.11	9.27	9.00	9.24	1393700	13287759.00
2024-06-13	9.22	9.33	9.15	9.24	1245100	11930224.00
2024-06-14	9.24	9.41	9.06	9.30	1553940	14995051.00
2024-06-17	9.21	9.31	9.02	9.03	1695040	16093879.00
2024-06-18	9.03	9.11	8.97	9.03	1050100	9843497.00
2024-06-19	9.05	9.11	8.95	8.99	934200	8749568.00
2024-06-20	8.99	9.02	8.75	8.77	1258700	11581659.00
2024-06-21	8.76	8.87	8.69	8.80	878320	8017376.00
2024-06-24	8.80	8.83	8.38	8.43	1750420	15598008.00
2024-06-25	8.31	8.52	8.31	8.34	1787380	15674604.00
2024-06-26	8.38	8.74	8.33	8.67	1625800	14441278.00
2024-06-27	8.59	8.71	8.47	8.48	1093400	9746582.00
2024-06-28	8.53	8.70	8.50	8.56	1411100	12619157.00
2024-07-01	8.55	8.72	8.53	8.69	972900	8730492.00
2024-07-02	8.71	8.78	8.63	8.72	930660	8423856.00
2024-07-03	8.74	8.80	8.48	8.49	1285800	11486325.00
2024-07-04	8.40	8.53	8.12	8.13	1690701	14542668.00
2024-07-05	8.15	8.25	7.95	8.23	937740	7968644.00
2024-07-08	8.29	8.29	7.99	8.03	950261	8002536.00
2024-07-09	8.01	8.10	7.76	8.05	1355220	11295589.00
2024-07-10	7.96	8.06	7.81	7.90	1096140	9083528.00
2024-07-11	8.00	8.28	7.96	8.24	1622240	13790766.00
2024-07-12	8.29	8.35	8.09	8.11	802400	6857702.00
2024-07-15	8.19	8.19	7.85	7.94	814697	6765413.00
2024-07-16	7.87	8.04	7.84	7.94	733180	6071520.00
2024-07-17	7.92	7.94	7.80	7.81	1155540	9486726.00
2024-07-18	7.80	7.88	7.60	7.83	913700	7391141.00
2024-07-19	7.75	7.91	7.73	7.86	659240	5398950.00
2024-07-22	7.80	7.93	7.79	7.88	771760	6344700.00
2024-07-23	7.84	7.91	7.69	7.73	967940	7871337.00
2024-07-24	7.69	7.81	7.65	7.68	991400	7996732.00
2024-07-25	7.70	7.88	7.60	7.83	1069740	8685689.00
2024-07-26	7.89	7.97	7.82	7.94	901300	7453437.00
2024-07-29	7.91	8.02	7.81	7.83	1092320	8994843.00
2024-07-30	7.83	7.98	7.75	7.88	974000	8017186.00
2024-07-31	7.89	8.20	7.83	8.19	2320200	19553740.00
2024-08-01	8.26	8.33	8.07	8.14	2700120	22983442.00
2024-08-02	8.13	8.16	7.93	8.03	2297400	19252612.00
2024-08-05	8.05	8.10	7.85	7.92	2132240	17741288.00
2024-08-06	8.04	8.12	7.95	8.10	2161869	18128096.00
2024-08-07	8.32	8.34	8.08	8.20	2677060	22916370.00
2024-08-08	8.15	8.24	8.05	8.17	1988000	16874902.00
2024-08-09	8.19	8.25	8.10	8.20	1778100	15178136.00
2024-08-12	8.13	8.42	8.07	8.17	1274040	10901922.00
2024-08-13	8.07	8.13	7.98	8.09	1133620	9519470.00
2024-08-14	8.01	8.20	8.01	8.07	927100	7835080.00
2024-08-15	8.05	8.13	7.81	7.84	1909700	15839126.00
2024-08-16	7.89	8.15	7.84	7.88	1658240	13717309.00
2024-08-19	7.74	7.94	7.74	7.88	1127460	9259558.00
2024-08-20	7.83	7.89	7.73	7.73	966500	7856606.00
2024-08-21	7.74	7.74	7.64	7.69	910580	7306707.00
2024-08-22	7.65	7.79	7.54	7.58	981300	7853055.00
2024-08-23	7.56	7.72	7.37	7.60	1395080	11006843.00
2024-08-26	7.61	7.70	7.49	7.58	1041780	8268729.00
2024-08-27	7.53	7.55	7.30	7.34	1158000	8960568.00
2024-08-28	7.34	7.58	7.29	7.48	975921	7629439.00
2024-08-29	7.47	7.67	7.41	7.64	967321	7660412.00
2024-08-30	7.69	7.72	7.53	7.55	2000400	15975074.00
2024-09-02	7.55	7.63	7.42	7.43	1070093	8439473.00
2024-09-03	7.43	7.62	7.42	7.62	984140	7797836.00
2024-09-04	7.57	7.65	7.51	7.63	773760	6157724.00
2024-09-05	7.63	8.02	7.63	7.74	2412217	19735824.00
2024-09-06	7.74	7.81	7.62	7.63	1087501	8757823.00
2024-09-09	7.62	7.68	7.51	7.64	923887	7339962.00
2024-09-10	7.64	7.68	7.53	7.62	769200	6119928.00
2024-09-11	7.64	7.67	7.43	7.50	938980	7392831.00
2024-09-12	7.52	7.65	7.49	7.51	830280	6482501.00
2024-09-13	7.50	7.55	7.33	7.33	809580	6198380.00
2024-09-18	7.37	7.43	7.13	7.38	886300	6684282.00
2024-09-19	7.37	7.58	7.36	7.55	808800	6284276.00
2024-09-20	7.55	7.59	7.45	7.50	471980	3651931.00
2024-09-23	7.47	7.57	7.42	7.51	523080	4064548.00
2024-09-24	7.52	7.68	7.49	7.67	1038700	8162096.00
2024-09-25	7.75	8.02	7.74	7.80	2026580	16473214.00
2024-09-26	7.80	7.95	7.69	7.95	1622500	13141950.00
2024-09-27	7.99	8.21	7.96	8.18	1703087	14220695.00
2024-09-30	8.43	8.92	8.23	8.86	5557335	49447288.00
2024-10-08	9.75	9.77	8.90	9.40	6801897	65892956.00
2024-10-09	9.25	9.25	8.47	8.66	4855366	44090432.00
2024-10-10	8.71	8.89	8.49	8.68	2002840	17996636.00
2024-10-11	8.77	8.78	8.38	8.48	1514700	13329524.00
2024-10-14	8.56	8.73	8.41	8.64	1456400	12874513.00
2024-10-15	8.56	8.65	8.44	8.45	1203240	10597671.00
2024-10-16	8.36	8.67	8.23	8.57	1219960	10756009.00
2024-10-17	8.67	8.79	8.39	8.40	1652740	14626953.00
2024-10-18	8.42	8.60	8.29	8.45	2235237	19366048.00
2024-10-21	8.61	8.61	8.27	8.45	2678620	23136016.00
2024-10-22	8.50	8.60	8.43	8.56	2180640	19139354.00
2024-10-23	8.65	8.65	8.49	8.59	2129860	18791274.00
2024-10-24	8.59	8.59	8.49	8.57	1147737	10093578.00
2024-10-25	8.61	8.87	8.52	8.76	3772406	33837436.00
2024-10-28	8.76	9.09	8.76	8.96	4518400	41585668.00
2024-10-29	9.11	9.22	8.82	8.98	4229978	39117820.00
2024-10-30	8.70	9.18	8.70	8.99	3790440	35219276.00
2024-10-31	8.99	9.06	8.85	8.93	2844740	26076104.00
2024-11-01	8.97	9.10	8.81	8.82	3152740	29019848.00
2024-11-04	8.76	8.91	8.74	8.90	1604120	14586347.00
2024-11-05	8.89	8.95	8.86	8.91	3124380	28578330.00
2024-11-06	8.97	9.00	8.83	8.97	3160560	29010800.00
2024-11-07	8.92	9.18	8.87	9.11	3652723	34101328.00
2024-11-08	9.15	9.23	8.99	9.20	4748720	44598428.00
2024-11-11	9.17	9.66	9.16	9.58	7506577	72950824.00
2024-11-12	9.56	9.58	9.16	9.31	4324837	41695908.00
2024-11-13	9.23	9.31	8.99	9.20	2218500	20835966.00
2024-11-14	9.15	9.19	8.95	9.00	2813461	26110258.00
2024-11-15	9.00	9.59	8.92	9.37	6468941	61955384.00
2024-11-18	9.38	9.74	9.35	9.64	9720060	95532928.00
2024-11-19	9.70	9.83	9.37	9.80	8248175	81493032.00
2024-11-20	9.80	9.91	9.58	9.85	8728351	87267504.00
2024-11-21	9.76	9.90	9.46	9.79	7315560	72475568.00
2024-11-22	9.75	9.79	9.25	9.37	4963500	48597244.00
2024-11-25	9.45	9.58	9.16	9.42	2944260	28240820.00
2024-11-26	9.39	9.48	9.24	9.40	2577760	24750964.00
2024-11-27	9.41	9.41	9.06	9.32	2036020	19323938.00
2024-11-28	9.34	9.63	9.28	9.49	3637720	35407472.00
2024-11-29	9.45	9.71	9.41	9.53	3332560	32631060.00
2024-12-02	9.63	9.75	9.53	9.73	3981840	39522704.00
2024-12-03	9.75	10.05	9.68	9.89	8832631	89179256.00
2024-12-04	9.95	10.33	9.62	9.72	10742120	110040808.00
2024-12-05	9.75	10.60	9.75	10.09	15565235	163396000.00
2024-12-06	10.05	11.05	9.95	10.67	16674636	180089152.00
2024-12-09	10.48	10.70	10.18	10.32	10713620	113535544.00
2024-12-10	10.45	10.52	10.10	10.31	8894047	93472672.00
2024-12-11	10.21	10.37	10.10	10.35	7356840	77049360.00
2024-12-12	10.30	10.47	10.20	10.35	5297660	55997160.00
2024-12-13	10.34	10.50	10.10	10.12	5029060	53148648.00
2024-12-16	10.14	10.35	10.14	10.33	4018260	42272112.00
2024-12-17	10.38	10.45	9.86	10.04	5193400	54226284.00
2024-12-18	10.10	10.25	10.03	10.12	3834800	39915848.00
2024-12-19	9.96	10.19	9.90	10.06	3302320	33941172.00
2024-12-20	10.08	10.18	10.00	10.08	2476640	25605332.00
2024-12-23	10.16	10.71	9.91	10.64	11577780	123613488.00
2024-12-24	10.63	10.64	9.93	10.47	9898361	104007024.00
2024-12-25	10.21	10.35	9.96	10.10	4406380	45776504.00
2024-12-26	10.07	10.10	9.83	10.01	3413960	34823860.00
2024-12-27	10.00	10.25	9.88	10.19	2823700	29268814.00
2024-12-30	10.17	10.17	9.76	9.82	3000536	30519920.00
2024-12-31	9.82	10.83	9.81	10.83	7669759	84447640.00
2025-01-02	11.20	11.94	10.80	10.91	21277560	248503264.00
2025-01-03	10.62	11.58	10.37	11.58	19799787	223910656.00
2025-01-06	11.12	12.75	10.55	12.15	24149361	290915840.00
2025-01-07	11.71	12.70	11.55	11.99	18081611	222106896.00
2025-01-08	11.76	12.35	11.10	12.06	16301573	194011152.00
2025-01-09	11.64	11.98	11.55	11.60	9061989	108252144.00
2025-01-10	11.55	12.25	11.15	11.83	13754797	163895152.00
2025-01-13	11.46	12.11	11.20	11.45	8694620	103091584.00
2025-01-14	11.45	11.85	11.07	11.83	10948800	129964128.00
2025-01-15	11.84	11.84	11.13	11.30	9189480	107364752.00
2025-01-16	11.28	11.36	10.66	10.97	8995397	101465496.00
2025-01-17	10.82	11.28	10.70	11.21	6165640	70089040.00
2025-01-20	11.20	11.79	11.20	11.47	7401720	86868256.00
2025-01-21	11.75	11.75	11.00	11.20	5960580	69086088.00
2025-01-22	11.25	11.70	11.08	11.28	6113241	71254328.00
2025-01-23	11.25	11.44	10.83	10.88	5991951	68172376.00
2025-01-24	11.00	11.00	10.55	10.59	4478710	48909120.00
2025-01-27	10.74	10.85	10.61	10.73	3358000	37016416.00
2025-02-05	10.75	10.98	10.52	10.69	3590396	39407424.00
2025-02-06	10.65	10.68	10.41	10.67	3965920	42835008.00
2025-02-07	10.71	10.89	10.55	10.68	4002716	43940492.00
2025-02-10	10.71	10.83	10.57	10.83	4140180	45363272.00
2025-02-11	10.82	10.90	10.54	10.65	3244601	35319516.00
2025-02-12	10.60	11.15	10.60	10.98	7380155	82536128.00
2025-02-13	10.90	10.96	10.58	10.64	4559459	50005712.00
2025-02-14	10.80	10.98	10.50	10.53	3816080	41834248.00
2025-02-17	10.57	10.57	10.21	10.35	4778220	50369524.00
2025-02-18	10.38	10.47	10.20	10.26	3497840	36954988.00
2025-02-19	10.29	10.38	10.12	10.37	3610400	37907872.00
2025-02-20	10.37	10.66	10.31	10.57	4959140	53252412.00
2025-02-21	10.55	10.59	10.29	10.32	3168340	33635680.00
2025-02-24	10.35	10.45	10.24	10.39	3157300	33374992.00
2025-02-25	10.38	10.64	10.30	10.52	4607100	49496448.00
2025-02-26	10.45	10.61	10.45	10.57	2460420	26540644.00
2025-02-27	10.55	10.73	10.37	10.55	3103770	33596944.00
2025-02-28	10.48	10.75	10.38	10.44	3498100	37868920.00
2025-03-03	10.46	10.64	10.17	10.23	3543657	37593324.00
2025-03-04	10.23	10.61	10.20	10.54	3679380	39502372.00
2025-03-05	10.50	10.50	10.31	10.35	1893850	20104948.00
2025-03-06	10.35	10.67	10.21	10.55	6223300	67001216.00
2025-03-07	10.59	10.74	10.47	10.67	3335800	36287648.00
2025-03-10	10.67	10.96	10.58	10.90	6092997	67663760.00
2025-03-11	10.83	10.83	10.40	10.60	5984757	64844364.00
2025-03-12	10.70	11.05	10.53	10.98	6513877	72159752.00
2025-03-13	10.95	11.08	10.86	11.07	6341960	71324360.00
2025-03-14	11.08	11.23	10.75	11.17	6488810	73049912.00
2025-03-17	11.18	11.77	11.17	11.56	8167739	96053072.00
2025-03-18	11.53	11.68	11.36	11.64	4885100	57755252.00
2025-03-19	11.64	11.69	11.55	11.68	3546330	42026108.00
2025-03-20	11.55	11.83	11.46	11.54	4263557	50669208.00
2025-03-21	11.47	11.60	11.38	11.43	3408740	39943040.00
2025-03-24	11.53	12.43	11.41	12.07	11633203	141702544.00
2025-03-25	11.93	12.14	11.71	11.82	6962120	84830328.00
2025-03-26	11.75	11.89	11.28	11.66	5699860	67193608.00
2025-03-27	11.80	11.81	11.42	11.43	3352700	39465360.00
2025-03-28	11.43	11.53	11.13	11.22	3249000	37443696.00
2025-03-31	11.55	11.55	10.93	11.18	4063800	46085480.00
2025-04-01	11.57	12.25	10.90	11.42	14245419	171180128.00
2025-04-02	11.40	11.53	11.09	11.27	7458360	86198640.00
2025-04-03	11.15	11.25	10.85	10.99	4700640	53049888.00
2025-04-07	10.25	10.40	9.87	9.87	4097560	41896172.00
2025-04-08	9.75	9.85	9.20	9.48	6850600	66882888.00
2025-04-09	9.32	9.63	8.63	9.46	5144300	48276448.00
2025-04-10	9.63	9.88	9.50	9.67	3417900	34195576.00
2025-04-11	9.56	9.95	9.56	9.74	3516640	35415528.00
2025-04-14	9.76	10.13	9.75	9.98	3591400	36681520.00
2025-04-15	9.90	10.14	9.74	10.12	3946300	40218036.00
2025-04-16	10.08	10.17	9.77	9.90	3066760	31228848.00
2025-04-17	9.85	9.98	9.75	9.88	1961760	19911578.00
2025-04-18	9.86	10.21	9.75	10.02	4110660	42096048.00
2025-04-21	10.00	10.21	9.97	10.10	3270720	33821260.00
2025-04-22	10.06	10.23	10.01	10.02	3133140	32359136.00
2025-04-23	9.97	10.18	9.97	10.06	2438540	25232608.00
2025-04-24	9.97	10.22	9.97	10.18	2385220	24772728.00
2025-04-25	10.18	10.52	10.15	10.48	3923680	41746368.00
2025-04-28	10.83	10.88	10.38	10.64	5589680	60617592.00
2025-04-29	10.66	10.82	10.47	10.59	5129500	55885900.00
2025-04-30	10.55	10.77	10.48	10.52	2976900	32408494.00
2025-05-06	10.63	10.98	10.58	10.95	4412776	48903092.00
2025-05-07	11.01	11.06	10.81	10.92	3213400	35989240.00
2025-05-08	10.92	11.00	10.81	10.91	2362200	26374090.00
2025-05-09	10.10	11.08	10.10	10.99	4342980	48500820.00
2025-05-12	11.00	11.18	10.85	11.02	2424760	27238432.00
2025-05-13	11.13	11.13	10.93	10.95	2163300	24336500.00
2025-05-14	11.02	11.23	10.90	11.08	3170380	35958296.00
2025-05-15	11.09	11.13	10.88	11.02	2608300	29282282.00
2025-05-16	11.02	11.11	10.95	11.06	1794020	20232496.00
2025-05-19	11.07	11.10	10.96	11.05	1689440	19054236.00
2025-05-20	11.12	11.29	10.99	11.28	2939780	33629820.00
2025-05-21	11.22	11.43	11.22	11.29	2403800	27741052.00
2025-05-22	11.29	11.31	11.04	11.09	2005420	22845208.00
2025-05-23	11.08	11.12	10.94	10.98	2246040	25303348.00
2025-05-26	10.95	11.05	10.90	10.99	2249120	25227292.00
2025-05-27	10.92	11.19	10.92	11.12	2197780	24877220.00
2025-05-28	11.18	11.24	10.96	11.04	2136160	23575836.00
2025-05-29	11.66	11.66	10.99	11.17	3640500	40817724.00
2025-05-30	11.18	11.18	10.79	10.84	3341700	36408548.00
2025-06-03	10.83	11.00	10.76	10.88	2291380	24918480.00
2025-06-04	10.84	11.15	10.84	11.05	2151800	23738596.00
2025-06-05	11.05	11.48	11.05	11.15	4038880	45337336.00
2025-06-06	11.33	11.33	10.96	11.14	2373520	26459476.00
2025-06-09	11.08	11.62	11.08	11.49	5226780	59832896.00
2025-06-10	11.54	11.65	11.36	11.52	4029140	46296240.00
2025-06-11	11.50	11.72	11.45	11.55	2957040	34259148.00
2025-06-12	11.58	11.59	11.33	11.42	2613780	29882172.00
2025-06-13	11.39	11.50	11.30	11.37	1878440	21380300.00
2025-06-16	11.42	11.47	11.29	11.29	2192080	24915652.00
2025-06-17	11.36	11.37	11.05	11.16	3006100	33626576.00
2025-06-18	10.90	11.21	10.79	11.17	5210600	57347336.00
2025-06-19	11.13	12.29	11.07	12.29	7123760	85508856.00
2025-06-20	12.60	12.60	11.68	11.98	19710530	237421552.00
2025-06-23	11.93	12.89	11.93	12.84	20212980	251128688.00
2025-06-24	12.53	13.01	12.51	12.84	14404121	183657312.00
2025-06-25	12.70	12.88	12.60	12.80	7721419	98297936.00
2025-06-26	12.87	13.92	12.76	13.41	16938440	228035024.00
2025-06-27	13.34	13.80	13.16	13.63	10766360	145812528.00
2025-06-30	13.61	13.67	13.35	13.59	7100576	95897200.00
2025-07-01	13.60	13.79	13.44	13.59	5444600	73925568.00
2025-07-02	13.62	13.62	13.15	13.31	6649833	88861760.00
2025-07-03	13.30	13.85	13.30	13.67	6686440	91382368.00
2025-07-04	14.29	14.29	13.05	13.38	10104953	134847360.00
2025-07-07	13.48	14.18	13.44	14.02	12152280	168156064.00
2025-07-08	14.00	14.19	13.80	13.90	8767340	122755392.00
2025-07-09	13.93	14.23	13.78	13.80	4765424	66148376.00
2025-07-10	13.77	14.18	13.77	14.15	8670753	121456464.00
2025-07-11	14.10	14.55	14.01	14.50	8966280	128309568.00
2025-07-14	14.50	14.80	14.06	14.58	8852020	128559640.00
2025-07-15	14.58	14.92	14.06	14.42	8954840	128885864.00
2025-07-16	14.43	14.80	14.28	14.60	6577200	95603664.00
2025-07-17	14.63	14.72	14.32	14.48	4766500	69224416.00
2025-07-18	14.48	14.63	14.28	14.55	3785320	54829200.00
2025-07-21	14.55	14.65	14.21	14.37	6390200	92063984.00
2025-07-22	14.38	14.71	14.32	14.44	6264867	91036816.00
2025-07-23	14.40	15.53	14.39	15.21	10298957	155038512.00
2025-07-24	15.30	15.75	15.25	15.49	8122860	125896192.00
2025-07-25	15.48	15.62	15.07	15.25	7630160	116540456.00
2025-07-28	15.25	15.78	15.11	15.30	7637240	117104960.00
2025-07-29	15.43	15.50	15.07	15.29	5175040	78921208.00
2025-07-30	15.20	15.31	15.00	15.09	3863500	58451984.00
2025-07-31	15.08	15.46	15.06	15.40	5634820	85895248.00
2025-08-01	15.38	15.60	15.31	15.49	4595820	71169752.00
2025-08-04	15.49	16.15	15.24	15.90	10134810	159059088.00
2025-08-05	15.89	16.45	15.86	16.38	10267715	165255248.00
2025-08-06	16.33	17.01	16.33	17.01	9891100	165463040.00
2025-08-07	17.02	17.24	16.63	17.23	10414270	176414864.00
2025-08-08	17.22	17.90	16.96	17.80	12740820	222835056.00
2025-08-11	17.90	18.30	17.60	18.05	11908060	213977904.00
2025-08-12	18.02	18.29	16.25	17.39	16801440	290019872.00
2025-08-13	17.39	17.95	16.91	17.80	6680060	116390064.00
2025-08-14	17.80	19.58	17.80	18.50	15621893	294056480.00
2025-08-15	18.54	18.94	18.08	18.14	12300400	226905680.00
2025-08-18	18.15	18.46	17.54	17.56	11709376	207786432.00
2025-08-19	17.50	17.60	17.07	17.32	7336620	126298568.00
2025-08-20	17.33	18.08	17.18	17.33	7677800	135049856.00
2025-08-21	17.32	17.62	17.05	17.42	6229860	108074032.00
2025-08-22	17.50	18.00	17.27	17.87	8154000	144429312.00
2025-08-25	17.87	19.48	17.87	18.98	14235677	269645856.00
2025-08-26	18.86	20.12	18.80	19.70	9785124	191451728.00
2025-08-27	19.68	19.68	18.68	18.68	9957500	189515040.00
2025-08-28	18.68	19.40	18.28	19.37	8278737	155239552.00
2025-08-29	19.21	21.19	19.00	21.08	12719821	258425904.00
2025-09-01	21.00	21.96	20.80	20.97	9875086	208721824.00
2025-09-02	20.85	21.20	20.12	20.41	7205820	147151904.00
2025-09-03	20.50	21.64	20.50	21.50	9956084	212132752.00
2025-09-04	21.64	22.27	20.74	21.84	13808317	298561536.00
2025-09-05	21.84	22.64	21.64	22.64	10431080	231471744.00
2025-09-08	22.64	24.50	22.35	24.03	12801500	305360672.00
2025-09-09	24.04	25.89	24.04	25.89	14163130	355592896.00
2025-09-10	25.91	26.58	24.53	26.24	14784243	376966752.00
2025-09-11	25.73	27.18	25.61	26.57	12858101	340360576.00
2025-09-12	26.50	28.39	25.04	25.90	20102259	538888896.00
2025-09-15	25.69	27.32	25.69	27.15	13962590	373936256.00
2025-09-16	27.20	27.32	26.48	26.92	9429201	253438096.00
2025-09-17	26.85	28.80	26.85	28.62	11166670	312036736.00
2025-09-18	28.62	29.62	28.29	29.10	11316876	327270880.00
2025-09-19	29.00	29.20	28.05	28.78	9324420	267020832.00
2025-09-22	28.67	28.68	27.50	28.40	6618617	186319312.00
2025-09-23	28.13	28.40	27.00	27.78	6603037	182594432.00
2025-09-24	27.65	28.98	27.65	28.61	6182560	175411072.00
2025-09-25	28.43	29.09	28.04	28.43	5863717	166688608.00
2025-09-26	28.05	28.70	27.03	27.20	7113240	195923264.00
2025-09-29	27.52	28.18	26.58	27.10	7387236	201253120.00
2025-09-30	27.20	28.05	26.57	27.93	5506864	151623536.00
2025-10-23	34.10	34.10	34.10	34.10	0	0.00
数据来源:通达信
