603162 海通发展 日线 前复权
      日期	    开盘	    最高	    最低	    收盘	    成交量	    成交额
2023-03-29	17.51	17.51	14.35	14.70	11624989	401557728.00
2023-03-30	13.63	15.29	13.63	14.27	9128646	289816032.00
2023-03-31	13.86	14.22	13.73	13.78	5995528	185899776.00
2023-04-03	13.78	13.91	13.54	13.68	4116955	126229128.00
2023-04-04	13.68	13.94	13.63	13.82	3956218	122021120.00
2023-04-06	13.81	13.81	13.47	13.53	3714059	112701280.00
2023-04-07	13.53	13.60	13.40	13.58	2337170	70791024.00
2023-04-10	13.69	13.70	13.42	13.44	2986134	90328648.00
2023-04-11	13.43	13.43	12.97	13.03	4014332	117928744.00
2023-04-12	12.95	13.10	12.94	12.99	2406708	70045152.00
2023-04-13	13.17	13.39	13.11	13.24	3215919	95385440.00
2023-04-14	13.16	13.16	12.97	13.06	1867709	54649744.00
2023-04-17	13.04	13.15	12.97	13.14	1375647	40315476.00
2023-04-18	12.99	13.03	12.95	12.97	1630038	47385248.00
2023-04-19	12.90	12.98	12.72	12.73	2031126	58297888.00
2023-04-20	12.86	12.89	12.72	12.73	1255700	35925840.00
2023-04-21	12.67	12.77	12.26	12.30	2291647	63956304.00
2023-04-24	12.30	12.34	11.95	12.00	1584978	42842208.00
2023-04-25	12.03	12.07	11.44	11.56	1701843	44813984.00
2023-04-26	11.56	11.73	11.44	11.67	1067279	27826770.00
2023-04-27	11.70	11.70	11.52	11.53	900255	23379128.00
2023-04-28	11.58	11.70	11.51	11.68	878171	22935292.00
2023-05-04	11.67	12.08	11.67	11.99	1415027	37863460.00
2023-05-05	12.08	12.28	12.03	12.09	1428877	38882888.00
2023-05-08	12.08	12.38	11.90	12.29	1493816	41013936.00
2023-05-09	12.35	12.48	12.09	12.10	1637280	45182940.00
2023-05-10	11.92	12.10	11.78	11.86	1047773	27899812.00
2023-05-11	11.87	11.92	11.81	11.87	521835	13894286.00
2023-05-12	11.83	11.94	11.83	11.88	486769	12989135.00
2023-05-15	11.88	11.88	11.76	11.84	507652	13459781.00
2023-05-16	11.85	11.91	11.81	11.89	493022	13135756.00
2023-05-17	11.89	11.90	11.79	11.87	499842	13273354.00
2023-05-18	11.91	12.28	11.89	12.19	1284606	35032196.00
2023-05-19	12.21	12.26	12.04	12.14	702172	19095556.00
2023-05-22	12.23	12.30	12.18	12.30	902874	24843154.00
2023-05-23	12.36	12.59	12.33	12.51	1604150	44851020.00
2023-05-24	12.49	12.49	12.29	12.34	1036686	28743314.00
2023-05-25	12.28	12.48	12.17	12.24	971831	17946380.00
2023-05-26	12.15	12.24	11.83	11.96	1195083	21563216.00
2023-05-29	12.06	12.06	11.89	11.89	766879	13818133.00
2023-05-30	11.78	11.99	11.78	11.85	745213	13309457.00
2023-05-31	12.04	12.04	11.82	11.86	581574	10406054.00
2023-06-01	11.83	11.87	11.63	11.69	1060304	18728902.00
2023-06-02	11.69	11.81	11.67	11.77	1303785	23026818.00
2023-06-05	11.76	11.80	11.66	11.67	915451	16111498.00
2023-06-06	11.66	11.75	11.56	11.59	1059965	18631484.00
2023-06-07	11.60	11.62	11.47	11.48	927756	16090037.00
2023-06-08	11.47	11.52	11.35	11.35	936034	16071208.00
2023-06-09	11.39	11.43	11.31	11.37	686145	11737641.00
2023-06-12	11.38	11.42	11.26	11.39	981932	16746001.00
2023-06-13	11.36	11.45	11.32	11.44	821334	14110860.00
2023-06-14	11.41	11.51	11.40	11.42	761892	13144138.00
2023-06-15	11.35	11.81	11.35	11.68	1554121	27076368.00
2023-06-16	11.62	11.74	11.62	11.67	1007701	17748824.00
2023-06-19	11.57	11.66	11.50	11.51	835880	14544243.00
2023-06-20	11.51	11.58	11.42	11.56	821032	14196198.00
2023-06-21	11.54	11.56	11.38	11.38	647787	11156412.00
2023-06-26	11.38	11.46	11.20	11.21	871563	14785142.00
2023-06-27	11.29	11.32	11.21	11.29	543965	9250099.00
2023-06-28	11.28	11.30	11.14	11.20	677281	11432565.00
2023-06-29	11.20	11.26	11.13	11.19	688646	11634394.00
2023-06-30	11.25	11.35	11.19	11.32	680471	11585514.00
2023-07-03	11.44	11.46	11.35	11.41	781361	13415277.00
2023-07-04	11.41	11.53	11.35	11.49	761874	13155130.00
2023-07-05	11.49	11.54	11.39	11.40	627990	10824046.00
2023-07-06	11.40	11.43	11.29	11.30	595418	10171879.00
2023-07-07	11.23	11.34	11.23	11.29	469601	7978762.00
2023-07-10	11.25	11.38	11.25	11.34	489035	8353976.00
2023-07-11	11.18	11.29	11.01	11.25	1277589	21485774.00
2023-07-12	11.25	11.32	11.14	11.15	852656	14405115.00
2023-07-13	11.15	11.68	11.15	11.42	1766562	30444172.00
2023-07-14	11.43	11.43	11.29	11.30	1026467	17507540.00
2023-07-17	11.30	11.30	11.20	11.24	532654	9016293.00
2023-07-18	11.27	11.27	11.18	11.24	449943	7604743.00
2023-07-19	11.22	11.29	11.20	11.25	442373	7492312.00
2023-07-20	11.25	11.31	11.18	11.20	676755	11456528.00
2023-07-21	11.20	11.26	11.17	11.20	507352	8579683.00
2023-07-24	11.20	11.28	11.15	11.22	524744	8855869.00
2023-07-25	11.24	11.58	11.24	11.43	1597234	27441940.00
2023-07-26	11.37	11.47	11.36	11.43	964045	16600805.00
2023-07-27	11.43	11.51	11.36	11.37	915075	15746092.00
2023-07-28	11.35	11.44	11.31	11.43	1007747	17269026.00
2023-07-31	11.48	11.51	11.44	11.49	1425146	24651652.00
2023-08-01	11.49	11.56	11.46	11.51	1150192	19919702.00
2023-08-02	11.51	11.55	11.38	11.43	1054753	18152472.00
2023-08-03	11.45	11.59	11.35	11.49	931303	16078331.00
2023-08-04	11.49	11.55	11.44	11.47	960266	16601264.00
2023-08-07	11.44	11.48	11.33	11.36	671842	11501798.00
2023-08-08	11.41	11.41	11.26	11.34	700060	11940657.00
2023-08-09	11.35	11.40	11.31	11.38	552049	9444510.00
2023-08-10	11.41	12.21	11.35	11.95	6410471	114263152.00
2023-08-11	11.70	12.01	11.70	11.95	4144710	73822792.00
2023-08-14	11.95	12.14	11.71	12.11	3664198	66011592.00
2023-08-15	12.06	12.06	11.87	12.01	2601102	46821264.00
2023-08-16	11.90	11.95	11.71	11.73	2393333	42446984.00
2023-08-17	11.73	12.89	11.47	12.47	7128197	132252160.00
2023-08-18	13.09	13.74	13.09	13.74	10603893	217245344.00
2023-08-21	15.13	15.13	15.13	15.13	2652630	60188176.00
2023-08-22	15.81	16.66	15.41	15.64	35063871	847414720.00
2023-08-23	14.08	14.79	14.06	14.06	20522950	437565120.00
2023-08-24	13.29	13.29	12.64	12.64	16534677	316773344.00
2023-08-25	11.85	12.26	11.36	11.37	15892891	281758304.00
2023-08-28	11.76	11.84	11.12	11.20	11600596	200531584.00
2023-08-29	11.01	11.62	10.95	11.57	11151236	191282432.00
2023-08-30	11.44	11.66	11.34	11.45	8058210	139384576.00
2023-08-31	11.39	11.85	11.24	11.84	10099965	176253920.00
2023-09-01	11.73	12.56	11.69	12.14	14712908	267962080.00
2023-09-04	12.10	12.43	11.81	12.02	9040469	163820944.00
2023-09-05	11.95	12.50	11.71	12.14	11239735	204373072.00
2023-09-06	11.93	12.01	11.51	11.55	9999375	175768512.00
2023-09-07	11.42	11.54	11.29	11.29	4558365	78232688.00
2023-09-08	11.26	11.41	11.22	11.37	3506633	59798048.00
2023-09-11	11.35	11.41	11.21	11.38	3160143	53870068.00
2023-09-12	11.37	11.44	11.25	11.41	2504780	42864540.00
2023-09-13	12.12	12.57	12.12	12.57	14676241	275139712.00
2023-09-14	12.54	12.97	11.96	11.97	18058218	337021696.00
2023-09-15	12.00	12.07	11.66	11.68	10207025	181243936.00
2023-09-18	11.51	11.76	11.49	11.67	7579383	132847440.00
2023-09-19	11.59	12.60	11.58	12.32	14995696	274586496.00
2023-09-20	12.04	12.40	11.83	12.21	9975978	181879856.00
2023-09-21	12.29	12.49	11.99	12.45	11105591	206050352.00
2023-09-22	12.37	12.45	12.01	12.23	8973341	164176464.00
2023-09-25	12.03	12.22	11.95	12.14	6207220	112753360.00
2023-09-26	12.07	12.29	12.01	12.10	5840176	106640712.00
2023-09-27	12.10	12.59	12.01	12.41	9120074	168999456.00
2023-09-28	12.39	12.39	12.19	12.32	5324807	98212408.00
2023-10-09	12.23	12.26	11.99	11.99	3997579	72526240.00
2023-10-10	11.97	12.13	11.68	11.73	5165532	92222696.00
2023-10-11	11.76	11.83	11.64	11.73	3323499	58658412.00
2023-10-12	11.73	11.74	11.61	11.73	2854636	50117288.00
2023-10-13	11.66	11.72	11.37	11.40	3711370	64228880.00
2023-10-16	11.40	11.68	11.29	11.49	3606634	62260788.00
2023-10-17	11.44	11.45	11.14	11.19	3527568	59592284.00
2023-10-18	11.20	11.22	10.81	10.81	3654524	60448960.00
2023-10-19	10.72	10.85	10.58	10.58	2655346	42793308.00
2023-10-20	10.54	10.64	10.34	10.36	2471762	39029744.00
2023-10-23	10.36	10.36	9.91	9.96	2745325	41774124.00
2023-10-24	9.89	10.04	9.79	9.99	3403828	51023652.00
2023-10-25	10.01	10.09	9.97	10.03	2290976	34720064.00
2023-10-26	9.93	10.49	9.80	10.28	4429911	68024312.00
2023-10-27	10.21	10.39	10.15	10.37	3251095	50415088.00
2023-10-30	10.29	10.45	10.24	10.40	2168539	33908616.00
2023-10-31	10.41	10.44	10.23	10.36	2029340	31599292.00
2023-11-01	10.36	10.36	10.22	10.26	1336623	20738842.00
2023-11-02	10.33	10.33	10.17	10.19	1374362	21235934.00
2023-11-03	10.20	10.38	10.20	10.33	1764737	27427076.00
2023-11-06	10.35	10.58	10.33	10.54	2403480	38020588.00
2023-11-07	10.47	10.54	10.42	10.49	1576909	24908868.00
2023-11-08	10.60	10.60	10.37	10.41	1721118	27090962.00
2023-11-09	10.41	10.93	10.39	10.92	6621166	107153208.00
2023-11-10	10.87	10.87	10.56	10.75	4508978	72897816.00
2023-11-13	11.54	11.85	11.52	11.85	4851117	86317744.00
2023-11-14	12.30	12.56	11.45	11.64	16254282	294074144.00
2023-11-15	11.35	12.00	11.34	11.68	11737568	204300416.00
2023-11-16	11.37	11.45	11.09	11.09	8018353	135646384.00
2023-11-17	11.06	11.28	11.01	11.15	4109071	68894088.00
2023-11-20	11.10	11.22	11.04	11.18	3258621	54770748.00
2023-11-21	11.08	11.27	11.08	11.12	3261456	54941112.00
2023-11-22	11.10	11.12	10.95	10.95	2781846	46174136.00
2023-11-23	10.88	11.01	10.88	10.97	2091069	34526016.00
2023-11-24	10.97	10.97	10.74	10.80	2709995	44258160.00
2023-11-27	10.80	10.87	10.72	10.83	1740956	28325560.00
2023-11-28	10.78	10.93	10.74	10.86	1383077	22601156.00
2023-11-29	10.87	10.93	10.70	10.76	1582732	25739058.00
2023-11-30	10.81	10.95	10.70	10.80	3235339	52916408.00
2023-12-01	10.82	11.08	10.76	10.93	3124244	51462616.00
2023-12-04	10.99	11.49	10.91	11.40	7443995	126188944.00
2023-12-05	11.43	11.45	11.20	11.27	4015133	68345816.00
2023-12-06	11.26	11.26	10.74	10.86	4990586	82086288.00
2023-12-07	10.86	10.86	10.48	10.82	2588849	41714012.00
2023-12-08	10.74	10.85	10.69	10.78	1799928	29180020.00
2023-12-11	10.80	10.80	10.58	10.76	1217009	19601284.00
2023-12-12	10.75	10.89	10.64	10.86	1686438	27408676.00
2023-12-13	10.85	10.89	10.68	10.70	1365066	22200448.00
2023-12-14	10.73	10.84	10.66	10.72	1371983	22227332.00
2023-12-15	10.71	10.75	10.56	10.65	1534336	24627920.00
2023-12-18	10.89	11.74	10.87	11.74	9275229	159632048.00
2023-12-19	12.37	12.93	11.58	11.91	22277378	413804960.00
2023-12-20	11.64	11.91	11.36	11.63	13929714	243617680.00
2023-12-21	11.42	11.95	11.20	11.63	12817951	223496560.00
2023-12-22	11.59	12.81	11.59	12.81	15553924	290382496.00
2023-12-25	13.63	13.64	12.72	12.86	28335814	561315584.00
2023-12-26	12.86	13.49	12.35	12.60	19857958	385822720.00
2023-12-27	12.47	12.83	12.01	12.37	15291156	283491168.00
2023-12-28	11.95	12.10	11.12	11.82	16798801	292246624.00
2023-12-29	11.45	11.90	11.45	11.77	11246195	198166736.00
2024-01-02	11.94	12.55	11.89	12.35	17295036	318824096.00
2024-01-03	12.04	12.27	11.62	11.70	11445121	204417312.00
2024-01-04	11.66	12.89	11.63	12.89	15012879	288768640.00
2024-01-05	12.64	12.84	12.30	12.43	18563058	348181760.00
2024-01-08	12.54	12.64	12.12	12.19	8945892	165487888.00
2024-01-09	11.97	12.18	11.45	11.71	11438320	203190656.00
2024-01-10	11.49	11.49	10.88	10.91	10015174	166865616.00
2024-01-11	10.89	11.08	10.72	11.07	6575234	108291744.00
2024-01-12	11.07	11.95	11.06	11.39	13077311	226263600.00
2024-01-15	11.45	12.30	11.29	11.74	12025242	212807888.00
2024-01-16	11.71	11.74	11.19	11.39	8524991	146101024.00
2024-01-17	11.48	11.52	10.85	10.85	6350636	106267208.00
2024-01-18	10.71	10.83	10.40	10.69	6144440	97922160.00
2024-01-19	10.62	10.69	10.39	10.40	4117136	65271308.00
2024-01-22	10.14	10.14	9.35	9.45	7499747	110084616.00
2024-01-23	9.42	9.72	9.24	9.67	4445278	63893080.00
2024-01-24	9.56	9.87	9.47	9.87	4421082	64970952.00
2024-01-25	9.83	10.04	9.73	10.01	3273225	49084236.00
2024-01-26	10.01	10.17	9.91	9.93	3249844	49214096.00
2024-01-29	10.00	10.08	9.78	9.79	2931442	43923680.00
2024-01-30	9.66	9.80	9.49	9.49	2089280	30399600.00
2024-01-31	9.40	9.59	9.08	9.10	2572362	36096240.00
2024-02-01	9.09	9.33	8.93	9.08	1875743	25819286.00
2024-02-02	9.08	9.19	8.32	8.62	3245048	42872472.00
2024-02-05	8.56	8.56	7.83	8.13	3880354	47653208.00
2024-02-06	8.01	8.83	7.83	8.58	2982750	37715516.00
2024-02-07	8.65	9.39	8.58	9.03	4844772	66809760.00
2024-02-08	9.24	9.24	8.64	9.13	4201079	56891792.00
2024-02-19	9.23	9.37	8.99	9.33	3554966	49769504.00
2024-02-20	9.33	9.38	9.17	9.36	2558903	35832972.00
2024-02-21	9.26	9.69	9.20	9.54	3317404	47732432.00
2024-02-22	9.56	9.62	9.45	9.58	1594790	23003676.00
2024-02-23	9.58	9.77	9.53	9.74	2218779	32376946.00
2024-02-26	9.73	9.90	9.66	9.79	2084452	30772904.00
2024-02-27	9.73	9.90	9.70	9.89	2185093	32485484.00
2024-02-28	9.85	10.06	9.35	9.35	3835584	56292984.00
2024-02-29	9.26	9.56	9.21	9.53	2629136	37477528.00
2024-03-01	9.44	9.58	9.38	9.52	1777373	25461114.00
2024-03-04	9.54	9.55	9.23	9.43	1859804	26311620.00
2024-03-05	9.39	9.39	9.24	9.32	1670544	23526748.00
2024-03-06	9.29	9.46	9.26	9.38	1247483	17636720.00
2024-03-07	9.47	9.51	9.26	9.26	1774811	25128954.00
2024-03-08	9.29	9.34	9.12	9.31	1444442	20175792.00
2024-03-11	9.30	9.41	9.24	9.41	1384408	19525938.00
2024-03-12	9.39	9.58	9.36	9.56	2002944	28686702.00
2024-03-13	9.72	9.72	9.47	9.53	2044425	29549812.00
2024-03-14	9.54	9.63	9.45	9.55	2225593	32111632.00
2024-03-15	9.50	9.70	9.41	9.70	3364378	48761528.00
2024-03-18	9.70	9.83	9.69	9.82	2385372	35167572.00
2024-03-19	9.82	9.91	9.74	9.83	2200601	32721778.00
2024-03-20	9.79	10.00	9.75	9.99	2556790	38257996.00
2024-03-21	9.97	10.09	9.79	9.81	3795557	56711788.00
2024-03-22	9.87	9.87	9.54	9.58	2965886	43283276.00
2024-03-25	9.58	9.66	9.45	9.48	2099882	30394792.00
2024-03-26	9.51	9.51	9.29	9.37	1754520	24856800.00
2024-03-27	9.31	9.47	9.09	9.10	1719312	24131332.00
2024-03-28	9.12	9.35	9.08	9.24	1588220	22175128.00
2024-03-29	9.19	9.30	8.53	8.76	10220309	134924080.00
2024-04-01	8.76	8.85	8.66	8.74	6568585	86856064.00
2024-04-02	8.76	9.20	8.72	9.19	8151701	111026624.00
2024-04-03	9.43	9.60	8.97	9.29	11632966	163346944.00
2024-04-08	9.12	9.12	8.64	8.67	8721944	116968496.00
2024-04-09	8.60	8.82	8.58	8.74	3634689	47810496.00
2024-04-10	8.74	8.81	8.56	8.65	3111073	40793628.00
2024-04-11	8.62	8.87	8.54	8.74	3594128	47649524.00
2024-04-12	8.74	9.35	8.72	8.97	7119081	97355328.00
2024-04-15	9.12	9.33	8.65	8.83	7256612	98280624.00
2024-04-16	8.67	8.77	8.17	8.17	5967380	75645168.00
2024-04-17	8.24	8.74	8.22	8.72	4861676	63157004.00
2024-04-18	8.69	8.79	8.53	8.63	3795862	49577440.00
2024-04-19	8.64	9.22	8.59	8.93	7583287	102393912.00
2024-04-22	8.93	9.35	8.91	9.07	8533526	117758128.00
2024-04-23	8.93	9.10	8.84	9.04	4003189	54420744.00
2024-04-24	8.95	9.06	8.86	9.05	3218667	43781608.00
2024-04-25	9.19	9.45	9.14	9.29	6097547	85667744.00
2024-04-26	9.16	9.50	9.16	9.29	7236217	101838968.00
2024-04-29	9.29	9.37	9.13	9.34	6159027	86665224.00
2024-04-30	9.39	9.40	9.21	9.32	4888168	68916616.00
2024-05-06	9.31	9.51	9.18	9.48	7880019	74689888.00
2024-05-07	9.48	9.59	9.41	9.57	7626774	73201136.00
2024-05-08	9.59	9.89	9.46	9.51	8628696	84008688.00
2024-05-09	9.56	9.97	9.52	9.90	12823637	127171328.00
2024-05-10	9.96	10.06	9.68	9.90	12754804	127368168.00
2024-05-13	9.90	10.38	9.80	10.23	14893257	151683872.00
2024-05-14	10.23	10.23	9.80	9.83	13331476	134495184.00
2024-05-15	9.70	9.96	9.65	9.77	6833302	67603288.00
2024-05-16	9.86	9.87	9.60	9.62	6562295	64295516.00
2024-05-17	9.57	9.74	9.51	9.67	5890179	57290304.00
2024-05-20	9.72	9.93	9.71	9.86	5471305	54389864.00
2024-05-21	9.85	9.93	9.71	9.76	4288052	42378592.00
2024-05-22	9.83	9.84	9.69	9.74	3731271	36792880.00
2024-05-23	9.78	9.78	9.53	9.57	4170049	40599240.00
2024-05-24	9.53	9.68	9.50	9.52	2489058	24071636.00
2024-05-27	9.49	9.78	9.49	9.72	5059221	49492580.00
2024-05-28	9.63	9.93	9.48	9.62	7611843	74333080.00
2024-05-29	9.62	9.82	9.40	9.73	7099253	69521248.00
2024-05-30	9.62	9.65	9.41	9.48	5420895	52001788.00
2024-05-31	9.43	9.69	9.41	9.62	4450244	43025484.00
2024-06-03	9.76	10.18	9.69	9.76	13245199	132778536.00
2024-06-04	9.48	9.69	9.32	9.68	8595804	82365872.00
2024-06-05	9.63	9.66	9.35	9.39	5331210	51193944.00
2024-06-06	9.41	9.58	9.20	9.25	5347188	50564132.00
2024-06-07	9.24	9.51	9.20	9.49	4753767	45138848.00
2024-06-11	9.53	9.53	9.16	9.36	5744096	53968400.00
2024-06-12	9.48	9.48	9.30	9.47	4131092	39369360.00
2024-06-13	9.33	9.47	9.25	9.25	3898489	36732012.00
2024-06-14	9.20	9.31	9.15	9.25	4815618	44903664.00
2024-06-17	9.20	9.20	8.91	8.97	5371473	49041388.00
2024-06-18	8.98	9.28	8.97	9.26	3999056	37146728.00
2024-06-19	9.22	9.30	9.07	9.10	2702282	24998138.00
2024-06-20	8.95	9.25	8.95	9.06	3610171	33256260.00
2024-06-21	9.10	9.49	8.96	9.22	5397517	50482064.00
2024-06-24	9.25	9.25	8.88	8.89	3643667	33108404.00
2024-06-25	8.84	8.98	8.81	8.86	2508496	22555850.00
2024-06-26	8.84	9.05	8.71	9.03	2966505	26636436.00
2024-06-27	9.06	9.06	8.78	8.80	2770665	24886730.00
2024-06-28	8.85	9.29	8.84	9.20	6611514	61232732.00
2024-07-01	9.31	9.66	9.09	9.55	7064151	67149408.00
2024-07-02	9.49	9.52	9.31	9.36	5711786	54252728.00
2024-07-03	9.32	9.37	9.16	9.22	4347003	40628024.00
2024-07-04	9.18	9.28	9.12	9.18	3554551	32946520.00
2024-07-05	9.18	9.35	9.08	9.23	4025945	37538536.00
2024-07-08	9.16	9.18	8.60	8.69	5831772	51847184.00
2024-07-09	8.67	8.85	8.51	8.84	3800734	33393156.00
2024-07-10	8.80	8.97	8.48	8.91	10533317	93138824.00
2024-07-11	8.97	9.42	8.94	9.31	7960161	74551456.00
2024-07-12	9.36	9.37	9.05	9.07	3900653	36034484.00
2024-07-15	9.05	9.10	8.97	9.03	2702678	24683724.00
2024-07-16	8.94	9.19	8.94	9.16	2968483	27282702.00
2024-07-17	9.11	9.18	8.97	9.01	2487966	22735114.00
2024-07-18	8.98	9.08	8.88	9.05	2355664	21429524.00
2024-07-19	8.99	9.12	8.97	9.10	1879401	17210836.00
2024-07-22	9.00	9.13	9.00	9.08	1966969	18029046.00
2024-07-23	9.02	9.23	8.99	8.99	2574921	23764836.00
2024-07-24	8.99	9.04	8.85	8.93	2646478	23913866.00
2024-07-25	9.36	9.53	9.18	9.28	11029122	103862208.00
2024-07-26	9.33	9.40	9.14	9.30	6999174	65743760.00
2024-07-29	9.90	10.08	9.57	10.00	15213155	151732496.00
2024-07-30	10.03	10.03	9.59	9.59	8132520	79650712.00
2024-07-31	9.54	9.81	9.53	9.71	7126481	69880312.00
2024-08-01	9.73	9.93	9.71	9.83	5965832	59374376.00
2024-08-02	9.76	9.93	9.75	9.78	4409687	43902664.00
2024-08-05	9.75	9.88	9.52	9.54	6099658	59813132.00
2024-08-06	9.53	9.67	9.48	9.57	3133459	30271664.00
2024-08-07	9.52	9.55	9.41	9.41	2889375	27626124.00
2024-08-08	9.36	9.42	9.18	9.28	2956099	27739700.00
2024-08-09	9.33	9.33	9.08	9.10	2786157	25865326.00
2024-08-12	9.15	9.18	9.02	9.07	2323990	21327640.00
2024-08-13	9.07	9.14	8.90	8.97	3171153	28886620.00
2024-08-14	8.98	9.00	8.86	8.86	2215769	19947904.00
2024-08-15	8.87	8.90	8.66	8.76	4946452	43831996.00
2024-08-16	8.65	8.74	8.48	8.50	6726926	58204884.00
2024-08-19	8.44	8.55	8.37	8.42	4347457	37151640.00
2024-08-20	8.43	8.45	8.18	8.22	5070960	42291004.00
2024-08-21	8.18	8.24	8.09	8.13	2756006	22744576.00
2024-08-22	8.06	8.14	7.94	7.97	3213019	26066438.00
2024-08-23	7.93	8.06	7.91	8.02	2980749	24147048.00
2024-08-26	8.02	8.11	7.90	7.94	3697560	29974440.00
2024-08-27	7.91	7.95	7.78	7.86	3440762	27380254.00
2024-08-28	7.86	7.98	7.78	7.95	2388035	19147548.00
2024-08-29	7.92	8.05	7.86	8.03	3051457	24645836.00
2024-08-30	8.04	8.22	8.01	8.11	4024965	33132412.00
2024-09-02	8.13	8.18	8.02	8.03	4290343	35168184.00
2024-09-03	8.04	8.11	7.96	8.01	2628580	21346776.00
2024-09-04	7.96	8.06	7.92	7.99	2074095	16793192.00
2024-09-05	7.99	8.05	7.95	8.03	1781207	14432833.00
2024-09-06	8.00	8.08	7.88	7.88	2241241	18010718.00
2024-09-09	7.85	7.92	7.73	7.79	2805935	22166732.00
2024-09-10	7.85	7.85	7.64	7.79	1981682	15524821.00
2024-09-11	7.71	7.78	7.67	7.74	1616629	12654921.00
2024-09-12	7.70	8.03	7.70	7.89	3613306	28965304.00
2024-09-13	7.89	7.93	7.76	7.78	1806973	14342267.00
2024-09-18	7.75	7.99	7.75	7.84	3308736	26337596.00
2024-09-19	7.84	8.04	7.79	7.97	2873371	23108020.00
2024-09-20	7.97	7.98	7.88	7.91	1986502	15938001.00
2024-09-23	7.90	7.99	7.85	7.87	1870050	14973602.00
2024-09-24	7.95	8.20	7.90	8.18	5824633	47564308.00
2024-09-25	8.29	8.37	8.15	8.16	4261770	35643104.00
2024-09-26	8.14	8.43	8.14	8.43	3928883	32935310.00
2024-09-27	8.48	8.71	8.48	8.71	3470175	30236092.00
2024-09-30	8.98	9.44	8.88	9.40	13939188	129669808.00
2024-10-08	10.30	10.31	9.41	10.21	17879754	177859984.00
2024-10-09	9.88	9.89	9.18	9.18	11078803	106670240.00
2024-10-10	9.65	10.08	9.47	9.87	18133524	179841040.00
2024-10-11	9.81	9.81	9.00	9.17	12424264	116161352.00
2024-10-14	9.15	9.49	9.10	9.45	8797699	82804160.00
2024-10-15	9.43	9.80	9.29	9.51	10057980	97469392.00
2024-10-16	9.53	9.68	9.44	9.57	6074796	58755788.00
2024-10-17	9.59	9.66	9.51	9.58	6440602	62332800.00
2024-10-18	9.80	10.14	9.55	9.99	18294620	182929488.00
2024-10-21	9.93	10.69	9.92	10.51	17407570	181811968.00
2024-10-22	10.55	10.61	10.21	10.45	12082052	127155072.00
2024-10-23	10.49	10.80	10.37	10.60	10666692	114373672.00
2024-10-24	10.45	10.55	10.31	10.36	6484966	68124440.00
2024-10-25	10.29	10.50	10.27	10.32	6013998	62917036.00
2024-10-28	10.36	10.39	10.16	10.35	7008173	73066784.00
2024-10-29	10.38	10.39	10.05	10.08	6834764	70322728.00
2024-10-30	10.08	10.25	9.96	10.03	6263592	63819044.00
2024-10-31	10.01	10.08	9.88	9.93	7139908	71825384.00
2024-11-01	9.93	9.98	9.71	9.78	6380827	63502308.00
2024-11-04	9.83	9.88	9.72	9.87	5300495	52502128.00
2024-11-05	9.81	10.10	9.81	10.05	8351935	84260032.00
2024-11-06	10.10	10.16	9.85	9.91	5750944	57949208.00
2024-11-07	9.82	10.03	9.82	10.02	6033512	60542220.00
2024-11-08	10.10	10.13	9.84	9.87	6336954	63639640.00
2024-11-11	9.87	9.96	9.80	9.94	6169495	61634364.00
2024-11-12	9.95	10.07	9.72	9.77	8435895	84282592.00
2024-11-13	9.76	9.84	9.63	9.72	5221041	51312144.00
2024-11-14	9.70	9.70	9.44	9.47	5632244	54481756.00
2024-11-15	9.46	9.59	9.36	9.38	7318715	70105184.00
2024-11-18	9.42	9.50	9.25	9.29	5807711	55041512.00
2024-11-19	9.29	9.51	9.26	9.50	4847064	46064852.00
2024-11-20	9.50	9.63	9.43	9.56	6541289	63042868.00
2024-11-21	9.55	9.57	9.41	9.51	4456474	42696536.00
2024-11-22	9.51	9.55	9.16	9.16	5104700	48213688.00
2024-11-25	9.22	9.39	9.16	9.33	4030396	37834304.00
2024-11-26	9.30	9.34	9.20	9.23	2826979	26525156.00
2024-11-27	9.23	9.35	9.01	9.33	4007553	37184832.00
2024-11-28	9.33	9.40	9.16	9.18	4404472	41254864.00
2024-11-29	9.21	9.32	9.14	9.26	4822067	45031028.00
2024-12-02	9.20	9.44	9.19	9.43	5074017	47971328.00
2024-12-03	9.44	9.66	9.32	9.50	8911188	85583296.00
2024-12-04	9.50	9.59	9.25	9.32	5830031	55517204.00
2024-12-05	9.26	9.41	9.18	9.36	4744619	44640564.00
2024-12-06	9.37	9.47	9.30	9.45	3692462	35069844.00
2024-12-09	9.44	9.54	9.37	9.45	3603992	34428572.00
2024-12-10	9.72	9.73	9.45	9.46	6020595	58250196.00
2024-12-11	9.46	9.61	9.40	9.59	4138897	39997728.00
2024-12-12	9.63	9.66	9.51	9.65	3960198	38470348.00
2024-12-13	9.65	9.66	9.42	9.42	4712476	45348668.00
2024-12-16	9.47	9.53	9.36	9.41	3560379	33928824.00
2024-12-17	9.42	9.47	9.23	9.29	4659037	43932872.00
2024-12-18	9.29	9.39	9.24	9.31	3442613	32437388.00
2024-12-19	9.28	9.34	9.16	9.33	4106634	38360088.00
2024-12-20	9.30	9.43	9.30	9.34	2537928	24033800.00
2024-12-23	9.35	9.52	9.25	9.25	5224320	49494588.00
2024-12-24	9.25	9.49	9.25	9.40	4849356	46037024.00
2024-12-25	9.40	9.44	9.20	9.26	2835575	26578164.00
2024-12-26	9.26	9.34	9.19	9.20	2834154	26484874.00
2024-12-27	9.20	9.45	9.15	9.42	4496316	42541764.00
2024-12-30	9.42	9.46	9.26	9.28	4184016	39494040.00
2024-12-31	9.26	9.35	9.09	9.10	4039838	37440096.00
2025-01-02	9.06	9.18	8.80	8.90	5536169	50508848.00
2025-01-03	8.91	9.06	8.86	8.89	5822385	52708144.00
2025-01-06	8.80	9.04	8.69	8.80	7291789	65126000.00
2025-01-07	8.79	8.84	8.59	8.66	4013752	35208668.00
2025-01-08	8.66	8.80	8.51	8.76	5529342	48581148.00
2025-01-09	8.73	8.74	8.60	8.64	2923689	25639164.00
2025-01-10	8.63	8.70	8.50	8.51	2953043	25673218.00
2025-01-13	8.46	8.59	8.41	8.57	3368589	28987800.00
2025-01-14	8.58	8.79	8.58	8.77	3416719	30100368.00
2025-01-15	8.73	8.80	8.64	8.73	3860883	33957432.00
2025-01-16	8.72	8.84	8.65	8.74	3362558	29722764.00
2025-01-17	8.70	8.82	8.66	8.82	2824978	24995284.00
2025-01-20	8.85	8.90	8.78	8.90	3472057	31102192.00
2025-01-21	9.08	9.12	8.85	8.89	5287411	47704836.00
2025-01-22	8.90	8.93	8.75	8.79	4879914	43556696.00
2025-01-23	8.86	8.96	8.80	8.92	4192121	37566464.00
2025-01-24	8.87	8.93	8.80	8.84	3530508	31410912.00
2025-01-27	8.84	9.02	8.84	8.89	4438518	39947500.00
2025-02-05	8.94	8.99	8.72	8.80	4060995	36067296.00
2025-02-06	8.81	8.85	8.73	8.84	3347563	29615896.00
2025-02-07	8.84	8.97	8.80	8.94	5355658	48074012.00
2025-02-10	8.92	8.96	8.88	8.91	4426083	39705316.00
2025-02-11	8.89	8.93	8.80	8.87	4383373	38980328.00
2025-02-12	8.87	8.89	8.75	8.83	4711623	41778680.00
2025-02-13	8.84	8.90	8.75	8.76	5499373	48759064.00
2025-02-14	8.75	8.80	8.69	8.72	4137476	36318456.00
2025-02-17	8.73	8.75	8.65	8.73	4555193	39878152.00
2025-02-18	8.74	8.84	8.68	8.73	5447629	48078160.00
2025-02-19	8.68	8.82	8.66	8.74	4434546	39040208.00
2025-02-20	8.72	8.74	8.66	8.69	3762232	32897274.00
2025-02-21	8.74	8.84	8.71	8.79	5016747	44276636.00
2025-02-24	8.76	8.81	8.69	8.78	4139435	36503940.00
2025-02-25	8.72	9.06	8.67	8.80	8203407	73191208.00
2025-02-26	8.81	8.90	8.80	8.88	4551172	40570032.00
2025-02-27	8.88	8.90	8.73	8.88	6272963	55593380.00
2025-02-28	8.85	8.89	8.69	8.71	4270273	37746896.00
2025-03-03	8.70	8.79	8.59	8.62	5574208	48681260.00
2025-03-04	8.56	8.72	8.54	8.72	4070978	35391864.00
2025-03-05	8.70	8.74	8.63	8.69	3031536	26460520.00
2025-03-06	8.72	8.78	8.66	8.78	5191097	45607204.00
2025-03-07	8.78	8.82	8.72	8.73	4180355	36871208.00
2025-03-10	8.75	8.91	8.74	8.88	7207000	64175980.00
2025-03-11	8.87	8.88	8.78	8.88	3845461	34189152.00
2025-03-12	8.90	8.97	8.78	8.89	7792506	69671744.00
2025-03-13	8.89	8.89	8.72	8.80	6273999	55487616.00
2025-03-14	8.81	8.97	8.75	8.96	8954297	80131056.00
2025-03-17	8.96	9.04	8.94	8.99	7505541	67969488.00
2025-03-18	9.01	9.24	8.90	9.13	16008431	146062608.00
2025-03-19	9.06	9.13	8.91	8.97	14000755	126172592.00
2025-03-20	8.92	9.23	8.86	9.18	23803076	216783680.00
2025-03-21	9.13	9.59	9.08	9.44	37047569	349479104.00
2025-03-24	9.53	9.55	9.05	9.27	25438767	236988624.00
2025-03-25	9.23	9.25	9.07	9.13	12996695	119373696.00
2025-03-26	9.14	9.19	9.02	9.05	11514379	105181376.00
2025-03-27	9.07	9.07	8.88	8.93	9459297	85134176.00
2025-03-28	8.92	8.96	8.76	8.76	8397999	74526824.00
2025-03-31	8.75	8.82	8.65	8.72	7899663	69383872.00
2025-04-01	8.76	8.88	8.73	8.87	8534033	75806424.00
2025-04-02	8.86	8.87	8.79	8.81	4450746	39497136.00
2025-04-03	8.70	8.85	8.67	8.84	6213243	54804476.00
2025-04-07	8.47	8.50	7.95	7.95	13058066	106308960.00
2025-04-08	7.92	8.07	7.82	7.97	9453294	75416768.00
2025-04-09	7.85	8.25	7.64	8.22	11465793	91783648.00
2025-04-10	8.40	8.63	8.27	8.48	12173207	104055912.00
2025-04-11	8.35	8.74	8.33	8.53	11441133	99092280.00
2025-04-14	8.54	8.58	8.40	8.49	8224835	70039088.00
2025-04-15	8.50	8.50	8.34	8.39	5660984	47818440.00
2025-04-16	8.36	8.48	8.24	8.37	5731981	48139104.00
2025-04-17	8.30	8.38	8.25	8.34	4946432	41472552.00
2025-04-18	8.15	8.16	7.96	8.00	11865558	95839904.00
2025-04-21	7.97	7.98	7.88	7.92	9449066	75146832.00
2025-04-22	7.93	8.03	7.88	7.91	10662510	85079104.00
2025-04-23	7.89	7.96	7.84	7.93	8176457	64971352.00
2025-04-24	7.91	7.93	7.85	7.85	7816799	62021408.00
2025-04-25	7.84	7.97	7.84	7.93	7093856	56513664.00
2025-04-28	7.95	7.96	7.83	7.85	5313284	41896224.00
2025-04-29	7.81	7.85	7.77	7.82	4470707	34907152.00
2025-04-30	7.83	7.86	7.80	7.82	3780749	29597472.00
2025-05-06	7.85	7.93	7.84	7.91	6278234	49579696.00
2025-05-07	7.95	8.06	7.93	7.99	6585986	52539980.00
2025-05-08	7.95	8.01	7.93	7.99	4929145	39349728.00
2025-05-09	7.99	8.01	7.89	7.90	5287444	41899216.00
2025-05-12	7.95	8.10	7.93	8.09	10240435	82073696.00
2025-05-13	8.32	8.90	8.17	8.90	38696060	329696768.00
2025-05-14	8.89	9.69	8.70	9.34	65540729	607071936.00
2025-05-15	9.22	9.34	8.76	8.80	43376863	390094400.00
2025-05-16	8.67	8.87	8.50	8.53	30196570	259669568.00
2025-05-19	8.57	8.84	8.55	8.80	34018912	297311744.00
2025-05-20	8.70	8.79	8.40	8.44	26151126	221647120.00
2025-05-21	8.36	8.53	8.34	8.47	16772348	141741872.00
2025-05-22	8.39	8.49	8.29	8.46	12157138	101999872.00
2025-05-23	8.39	8.45	8.26	8.28	11131122	92972528.00
2025-05-26	8.26	8.43	8.21	8.32	8673705	71878488.00
2025-05-27	8.27	8.39	8.21	8.38	8182024	68101192.00
2025-05-28	8.35	8.38	8.28	8.29	6009316	50036496.00
2025-05-29	8.31	8.37	8.30	8.36	8129160	67805768.00
2025-05-30	8.31	8.36	8.21	8.21	8088986	66924808.00
2025-06-03	8.19	8.28	8.15	8.23	5856422	48173752.00
2025-06-04	8.24	8.28	8.19	8.28	5850939	48250280.00
2025-06-05	8.27	8.31	8.22	8.29	5948587	49260908.00
2025-06-06	8.30	8.40	8.27	8.38	9312469	77798240.00
2025-06-09	8.38	8.39	8.33	8.37	6873064	57458720.00
2025-06-10	8.37	8.72	8.33	8.69	24805338	211441408.00
2025-06-11	8.68	8.68	8.42	8.50	18034093	153789008.00
2025-06-12	8.46	8.49	8.37	8.41	10153323	85347056.00
2025-06-13	8.39	8.60	8.39	8.45	12883170	109430760.00
2025-06-16	8.48	8.49	8.31	8.37	7978241	66931348.00
2025-06-17	8.37	8.56	8.26	8.49	13043610	109737928.00
2025-06-18	8.45	8.57	8.42	8.47	10525450	89361600.00
2025-06-19	8.40	8.45	8.17	8.20	10964068	90576016.00
2025-06-20	8.15	8.39	8.15	8.32	9075797	75466824.00
2025-06-23	8.55	8.68	8.44	8.64	19757085	169430624.00
2025-06-24	8.36	8.40	8.15	8.38	16418448	136792928.00
2025-06-25	8.39	8.39	8.29	8.39	8768354	73185072.00
2025-06-26	8.37	8.38	8.28	8.37	8656006	72226144.00
2025-06-27	8.38	8.39	8.31	8.34	5570006	46515336.00
2025-06-30	8.36	8.36	8.31	8.35	5146456	42916968.00
2025-07-01	8.35	8.59	8.35	8.52	13992116	118967664.00
2025-07-02	8.92	9.17	8.66	8.71	35811196	318453344.00
2025-07-03	8.51	8.69	8.51	8.57	19891145	170740416.00
2025-07-04	8.54	8.62	8.45	8.47	10758461	91567920.00
2025-07-07	8.30	8.43	8.24	8.41	9141210	76408128.00
2025-07-08	8.40	8.55	8.37	8.52	8424570	71382352.00
2025-07-09	8.52	8.54	8.44	8.46	6046580	51291816.00
2025-07-10	8.44	8.52	8.42	8.45	7088156	59964136.00
2025-07-11	8.43	8.50	8.38	8.48	7188782	60783180.00
2025-07-14	8.45	8.56	8.45	8.53	7216231	61523592.00
2025-07-15	8.50	8.59	8.40	8.53	9624617	81767728.00
2025-07-16	8.49	8.58	8.48	8.58	9194099	78618264.00
2025-07-17	8.60	8.60	8.51	8.55	7508526	64104992.00
2025-07-18	8.57	8.58	8.50	8.52	6165130	52550320.00
2025-07-21	8.52	8.57	8.48	8.55	12655657	108107176.00
2025-07-22	8.53	8.56	8.40	8.55	14772072	125365664.00
2025-07-23	8.54	8.57	8.38	8.43	14673579	124331384.00
2025-07-24	8.43	8.56	8.40	8.56	12102518	102955952.00
2025-07-25	8.60	8.93	8.58	8.70	23793276	208260112.00
2025-07-28	8.73	8.85	8.62	8.73	16379279	142626048.00
2025-07-29	8.73	8.75	8.61	8.74	9493089	82385520.00
2025-07-30	8.77	8.89	8.72	8.77	17240866	151814112.00
2025-07-31	8.74	8.74	8.47	8.54	16267451	139445712.00
2025-08-01	8.50	8.61	8.50	8.56	6651678	56888312.00
2025-08-04	8.50	8.58	8.45	8.57	6130027	52287128.00
2025-08-05	8.57	8.67	8.57	8.66	7971943	68857168.00
2025-08-06	8.63	8.77	8.58	8.75	10031340	87179224.00
2025-08-07	8.75	8.76	8.67	8.74	7645035	66588124.00
2025-08-08	8.71	8.79	8.70	8.77	7620005	66722388.00
2025-08-11	8.76	8.84	8.69	8.80	8292946	72713640.00
2025-08-12	8.80	9.05	8.78	8.86	17666610	157595680.00
2025-08-13	8.88	8.90	8.74	8.78	9205111	80873840.00
2025-08-14	8.78	8.86	8.75	8.76	9719594	85518936.00
2025-08-15	8.76	9.10	8.74	9.02	20346999	182638304.00
2025-08-18	9.05	9.05	8.87	8.93	13510325	120769520.00
2025-08-19	8.91	8.96	8.88	8.91	8124557	72444040.00
2025-08-20	8.91	8.94	8.84	8.92	10320589	91632856.00
2025-08-21	8.92	8.95	8.87	8.93	7932010	70745568.00
2025-08-22	8.93	8.98	8.86	8.97	8427348	75114760.00
2025-08-25	8.99	9.00	8.89	9.00	9603197	86040480.00
2025-08-26	8.98	9.09	8.95	9.02	8478996	76661832.00
2025-08-27	9.02	9.06	8.85	8.92	10068539	90139088.00
2025-08-28	8.90	8.97	8.61	8.80	9748716	85730256.00
2025-08-29	8.80	8.83	8.70	8.74	5978827	52358208.00
2025-09-01	8.74	8.87	8.69	8.79	5896869	51861152.00
2025-09-02	8.85	9.02	8.79	8.99	12869896	114619912.00
2025-09-03	9.05	9.06	8.78	8.80	6332054	56304296.00
2025-09-04	8.82	9.07	8.75	9.05	13606454	122256712.00
2025-09-05	9.09	9.17	8.97	9.03	8303293	75109912.00
2025-09-08	9.05	9.35	9.00	9.24	14284293	132217536.00
2025-09-09	9.16	9.23	9.11	9.21	7715743	70722400.00
2025-09-10	9.19	9.19	9.07	9.10	5801676	52868848.00
2025-09-11	9.06	9.12	8.99	9.10	6414719	58079300.00
2025-09-12	9.19	9.34	9.03	9.03	7505971	68524192.00
2025-09-15	9.03	9.09	8.98	8.99	4657422	42004864.00
2025-09-16	9.00	9.12	8.98	9.12	4704943	42553372.00
2025-09-17	9.11	9.19	9.02	9.09	5982892	54548488.00
2025-09-18	9.05	9.07	8.80	8.85	7162327	64010872.00
2025-09-19	8.86	8.97	8.84	8.94	4668154	41616292.00
2025-09-22	8.94	8.94	8.74	8.84	5213819	45925916.00
2025-09-23	8.78	8.99	8.70	8.94	7946752	70395704.00
2025-09-24	8.86	9.07	8.82	8.98	7798661	69840856.00
2025-09-25	8.98	9.10	8.77	9.04	10247346	91387944.00
2025-09-26	9.04	9.04	8.83	8.84	6378583	56737808.00
2025-09-29	8.84	8.93	8.68	8.89	8219070	72764144.00
2025-09-30	8.88	9.14	8.80	9.04	12193425	109281568.00
2025-10-23	10.63	10.63	10.63	10.63	0	0.00
数据来源:通达信
