601956 东贝集团 日线 前复权
      日期	    开盘	    最高	    最低	    收盘	    成交量	    成交额
2020-12-25	10.84	13.20	10.45	12.85	27583517	355241600.00
2020-12-28	11.51	11.51	11.51	11.51	3631900	43800712.00
2020-12-29	10.95	12.45	10.30	10.30	58464054	684530432.00
2020-12-30	9.22	10.05	9.22	9.30	49623505	490750976.00
2020-12-31	9.15	10.00	8.95	9.42	40944075	406427040.00
2021-01-04	9.27	9.33	8.99	9.10	27068604	262127184.00
2021-01-05	9.02	9.15	8.49	8.60	29295352	273157984.00
2021-01-06	8.59	8.86	8.29	8.71	27125866	247130688.00
2021-01-07	8.51	8.53	7.95	7.98	21532658	189442032.00
2021-01-08	7.95	7.95	7.51	7.58	17468413	143269056.00
2021-01-11	7.55	7.62	7.07	7.26	20675597	163036944.00
2021-01-12	7.23	7.41	7.10	7.25	14039562	109904224.00
2021-01-13	7.26	7.67	7.07	7.44	19269598	153173584.00
2021-01-14	7.32	7.89	7.16	7.65	18839761	153405472.00
2021-01-15	7.55	7.90	7.45	7.67	17227950	142500448.00
2021-01-18	7.55	7.75	7.50	7.58	12108934	98568752.00
2021-01-19	7.65	7.95	7.56	7.61	13801462	114207896.00
2021-01-20	7.56	7.72	7.31	7.35	15846901	127341768.00
2021-01-21	7.35	7.55	7.27	7.40	12976281	103295272.00
2021-01-22	7.31	8.20	7.31	8.20	14661979	124753400.00
2021-01-25	8.42	9.03	8.07	8.21	42990777	389844320.00
2021-01-26	7.89	8.69	7.71	8.39	29525446	260489040.00
2021-01-27	8.20	8.30	7.87	8.15	19362255	166816304.00
2021-01-28	7.96	8.10	7.56	7.60	17273160	143848560.00
2021-01-29	7.60	7.81	7.27	7.36	12243353	98371544.00
2021-02-01	7.32	7.73	7.25	7.67	13233938	107157008.00
2021-02-02	7.62	7.66	7.40	7.45	9958030	80052056.00
2021-02-03	7.48	7.51	7.11	7.15	11845098	91968608.00
2021-02-04	7.07	7.16	6.64	6.78	12525225	92263656.00
2021-02-05	6.79	6.89	6.68	6.85	8490720	62229736.00
2021-02-08	6.89	7.59	6.86	7.15	20025874	158870496.00
2021-02-09	6.99	7.21	6.76	7.05	14796812	111067840.00
2021-02-10	6.98	7.09	6.86	6.91	8600214	64487728.00
2021-02-18	7.01	7.16	6.94	7.12	8381747	63798916.00
2021-02-19	7.08	7.39	7.04	7.35	11229999	87343168.00
2021-02-22	7.31	7.51	7.25	7.26	14029658	111082520.00
2021-02-23	7.22	7.28	7.10	7.13	7970284	61603772.00
2021-02-24	7.16	7.25	7.05	7.13	7663295	59113876.00
2021-02-25	7.16	7.19	7.06	7.08	7090411	54306568.00
2021-02-26	7.06	7.06	6.88	6.91	8770075	65692664.00
2021-03-01	6.95	7.09	6.90	7.09	7279955	54899464.00
2021-03-02	7.11	7.12	6.94	7.00	7203430	54438676.00
2021-03-03	7.01	7.23	6.93	7.18	9818504	75122080.00
2021-03-04	7.13	7.26	7.06	7.24	10205341	78911576.00
2021-03-05	7.20	7.30	7.16	7.26	8511594	66116664.00
2021-03-08	7.29	7.31	7.09	7.12	9421055	73137728.00
2021-03-09	7.13	7.15	6.86	6.87	8326439	62561544.00
2021-03-10	6.93	7.39	6.82	7.15	13534474	103750648.00
2021-03-11	7.09	7.22	7.00	7.19	9245645	71130128.00
2021-03-12	7.13	7.27	7.01	7.27	9053963	69454592.00
2021-03-15	7.33	7.75	7.28	7.65	22003736	178759952.00
2021-03-16	7.45	7.62	7.41	7.54	14559130	117443864.00
2021-03-17	7.52	7.52	7.38	7.41	10201416	81449816.00
2021-03-18	7.41	7.49	7.32	7.45	8442050	67262392.00
2021-03-19	7.38	7.82	7.33	7.75	21200502	174233616.00
2021-03-22	7.83	8.58	7.83	8.16	33379249	293953696.00
2021-03-23	7.99	8.25	7.86	7.90	19701271	168478320.00
2021-03-24	7.85	8.10	7.68	8.09	16667110	140497824.00
2021-03-25	8.08	8.08	7.83	7.83	11112607	94291472.00
2021-03-26	7.81	7.96	7.67	7.83	10992452	91831776.00
2021-03-29	7.79	7.80	7.58	7.61	10217936	84193920.00
2021-03-30	7.62	8.24	7.56	8.02	18740406	159376352.00
2021-03-31	8.00	8.88	7.75	8.57	38289365	346910336.00
2021-04-01	8.31	8.39	8.08	8.35	25478919	223196624.00
2021-04-02	8.24	8.72	8.17	8.51	23068529	208503760.00
2021-04-06	8.42	9.10	8.31	8.80	26207819	241848256.00
2021-04-07	8.76	9.74	8.61	9.74	31012576	301650240.00
2021-04-08	10.73	10.77	9.53	9.65	41374288	451065888.00
2021-04-09	9.90	10.14	8.65	8.95	58032187	578027648.00
2021-04-12	8.68	9.33	8.47	9.01	38313573	361110016.00
2021-04-13	8.80	8.86	8.35	8.40	27350940	248953568.00
2021-04-14	8.28	8.63	8.25	8.51	16500621	148504352.00
2021-04-15	8.45	8.45	8.08	8.09	17195671	150044304.00
2021-04-16	8.12	8.23	8.08	8.15	11860940	103161720.00
2021-04-19	8.12	8.28	8.11	8.20	12018829	105157544.00
2021-04-20	8.43	9.04	8.43	8.49	24112810	220463568.00
2021-04-21	8.37	8.83	8.35	8.59	18433244	168366112.00
2021-04-22	8.61	8.62	8.36	8.55	15016819	135244432.00
2021-04-23	8.48	8.53	8.16	8.19	13432136	118460432.00
2021-04-26	8.07	8.20	7.80	7.81	13414253	113387776.00
2021-04-27	7.85	7.86	7.51	7.51	10402900	84799864.00
2021-04-28	7.46	7.63	7.45	7.63	6763058	54805024.00
2021-04-29	7.57	7.67	7.51	7.54	5639623	45831772.00
2021-04-30	7.53	7.57	7.18	7.22	9771869	76796856.00
2021-05-06	7.25	7.38	7.25	7.30	5380060	42324048.00
2021-05-07	7.30	7.39	7.26	7.35	5598940	44143928.00
2021-05-10	7.37	7.40	7.09	7.15	8958720	69105224.00
2021-05-11	7.13	7.25	7.07	7.24	5403780	41722900.00
2021-05-12	7.17	7.27	7.14	7.27	5042506	39135168.00
2021-05-13	7.22	7.54	7.17	7.35	8209477	65110172.00
2021-05-14	7.36	7.54	7.35	7.51	7063234	56740808.00
2021-05-17	7.47	7.51	7.36	7.44	4832759	38534696.00
2021-05-18	7.45	7.45	7.31	7.37	4096738	32387488.00
2021-05-19	7.32	7.37	7.18	7.22	6191063	48318112.00
2021-05-20	7.23	7.30	7.12	7.26	5122660	39699872.00
2021-05-21	7.26	7.31	7.22	7.25	3463024	27037178.00
2021-05-24	7.28	7.30	7.18	7.24	2889424	22176776.00
2021-05-25	7.24	7.30	7.21	7.29	3791886	29253600.00
2021-05-26	7.35	7.59	7.33	7.58	9379884	74672976.00
2021-05-27	7.55	7.62	7.48	7.52	6617282	52737400.00
2021-05-28	7.52	7.52	7.39	7.40	5515098	43470648.00
2021-05-31	7.40	7.43	7.28	7.42	4658824	36345880.00
2021-06-01	7.42	7.51	7.37	7.50	4953909	39130624.00
2021-06-02	7.53	7.54	7.39	7.41	4621980	36478412.00
2021-06-03	7.45	7.48	7.43	7.44	3649582	28830598.00
2021-06-04	7.42	7.42	7.29	7.32	5242280	40901208.00
2021-06-07	7.30	7.33	7.25	7.28	3551270	27449582.00
2021-06-08	7.29	7.35	7.27	7.30	3235927	25109326.00
2021-06-09	7.33	7.33	7.28	7.31	3062060	23720790.00
2021-06-10	7.30	7.30	7.20	7.22	5877850	45174944.00
2021-06-11	7.20	7.26	7.19	7.20	3290720	25222500.00
2021-06-15	7.22	7.22	6.92	6.94	7219320	53710420.00
2021-06-16	6.91	6.97	6.87	6.91	3430428	25287650.00
2021-06-17	6.94	7.03	6.91	6.97	3656658	27195200.00
2021-06-18	7.02	7.03	6.98	7.00	2678600	19948980.00
2021-06-21	6.97	7.02	6.90	7.00	3482430	25846276.00
2021-06-22	7.03	7.23	7.02	7.14	5690748	43162216.00
2021-06-23	7.11	7.16	7.05	7.09	3992111	30139640.00
2021-06-24	7.06	7.83	7.06	7.49	17998433	142886752.00
2021-06-25	7.35	7.43	7.28	7.36	10105900	78802824.00
2021-06-28	7.34	7.62	7.30	7.56	10434982	82909968.00
2021-06-29	7.52	7.65	7.43	7.44	8833962	70647616.00
2021-06-30	7.40	7.46	7.28	7.37	7170928	55968224.00
2021-07-01	7.35	7.41	7.10	7.15	5889379	45496140.00
2021-07-02	7.13	7.23	7.11	7.16	3590580	27362872.00
2021-07-05	7.13	7.21	7.13	7.19	2879057	21957208.00
2021-07-06	7.25	7.52	7.23	7.38	6897400	53902072.00
2021-07-07	7.33	7.50	7.30	7.44	6989108	55069248.00
2021-07-08	7.44	7.45	7.25	7.27	6403637	49763664.00
2021-07-09	7.23	7.35	7.17	7.28	4427168	34144936.00
2021-07-12	7.33	7.38	7.24	7.27	4736280	36615608.00
2021-07-13	7.26	7.30	7.19	7.29	4295437	32972976.00
2021-07-14	7.27	7.28	7.14	7.15	4935120	37711584.00
2021-07-15	7.15	7.17	6.97	7.03	5279477	39604576.00
2021-07-16	7.05	7.10	7.02	7.04	3062036	22963206.00
2021-07-19	7.06	7.10	7.01	7.07	2532943	19022320.00
2021-07-20	7.05	7.05	6.98	7.02	3002280	22380068.00
2021-07-21	7.02	7.13	7.02	7.10	3393580	25586616.00
2021-07-22	7.10	7.13	7.05	7.12	3395900	25608922.00
2021-07-23	7.12	7.13	6.92	6.95	4932666	36834764.00
2021-07-26	6.97	6.99	6.72	6.78	4914800	35771716.00
2021-07-27	6.77	6.82	6.72	6.73	2747180	19818238.00
2021-07-28	6.70	6.74	6.49	6.49	4895240	34238812.00
2021-07-29	6.54	6.59	6.53	6.57	2636600	18476816.00
2021-07-30	6.53	6.69	6.40	6.54	4713024	32888192.00
2021-08-02	6.51	6.70	6.51	6.69	3736187	26482536.00
2021-08-03	6.65	6.73	6.63	6.64	3192660	22766060.00
2021-08-04	6.64	6.68	6.59	6.68	2775280	19671618.00
2021-08-05	6.66	6.67	6.56	6.58	3095304	21853860.00
2021-08-06	6.60	6.60	6.45	6.50	3204400	22287100.00
2021-08-09	6.48	6.71	6.47	6.67	3949644	27888196.00
2021-08-10	6.65	6.79	6.64	6.76	4601720	33053104.00
2021-08-11	6.75	6.78	6.67	6.75	3421784	24531840.00
2021-08-12	6.73	6.80	6.72	6.74	2812240	20245384.00
2021-08-13	6.71	6.78	6.68	6.78	3172140	22763290.00
2021-08-16	6.78	6.90	6.74	6.90	5961095	43436396.00
2021-08-17	6.90	6.91	6.68	6.70	5129904	37166084.00
2021-08-18	6.68	6.75	6.65	6.74	3487197	24914494.00
2021-08-19	6.72	6.74	6.62	6.63	3364940	23964242.00
2021-08-20	6.63	6.64	6.50	6.57	3786680	26480944.00
2021-08-23	6.54	6.85	6.54	6.85	7048336	50910844.00
2021-08-24	6.97	6.97	6.80	6.82	5203600	38071608.00
2021-08-25	6.80	6.86	6.73	6.82	3513700	25493778.00
2021-08-26	6.85	6.86	6.73	6.75	3427140	24800636.00
2021-08-27	6.75	6.75	6.65	6.71	2915640	20847632.00
2021-08-30	6.72	6.75	6.69	6.71	3602200	25816312.00
2021-08-31	6.55	6.57	6.28	6.32	11297673	76859472.00
2021-09-01	6.35	6.41	6.22	6.39	5350908	36232076.00
2021-09-02	6.36	6.39	6.29	6.36	3379307	22958486.00
2021-09-03	6.36	6.43	6.36	6.39	3956066	27057858.00
2021-09-06	6.41	6.50	6.40	6.48	4222573	29182704.00
2021-09-07	6.49	6.59	6.46	6.55	3528577	24662218.00
2021-09-08	6.55	6.60	6.53	6.60	3362186	23592500.00
2021-09-09	6.59	6.60	6.56	6.57	3006640	21115240.00
2021-09-10	6.56	6.59	6.46	6.49	4053696	28234788.00
2021-09-13	6.46	6.59	6.45	6.58	3487304	24277872.00
2021-09-14	6.59	6.60	6.45	6.47	3828611	26682284.00
2021-09-15	6.47	6.49	6.36	6.46	2255480	15541708.00
2021-09-16	6.46	6.57	6.43	6.44	3902700	27074848.00
2021-09-17	6.38	6.47	6.35	6.40	2913082	19934624.00
2021-09-22	6.36	6.44	6.25	6.42	2631127	17889300.00
2021-09-23	6.43	6.51	6.42	6.45	2490568	17214012.00
2021-09-24	6.43	6.46	6.33	6.34	2724390	18598468.00
2021-09-27	6.32	6.37	6.20	6.21	3712867	24864012.00
2021-09-28	6.20	6.40	6.16	6.33	3603426	24198552.00
2021-09-29	6.23	6.49	6.18	6.45	6759617	46126612.00
2021-09-30	6.42	6.53	6.38	6.43	4414097	30500438.00
2021-10-08	6.43	6.50	6.40	6.47	3210437	22163936.00
2021-10-11	6.45	6.47	6.41	6.44	2287971	15758164.00
2021-10-12	6.43	6.43	6.26	6.31	2793960	18940584.00
2021-10-13	6.31	6.38	6.26	6.34	1875966	12706574.00
2021-10-14	6.32	6.37	6.29	6.32	1859540	12608673.00
2021-10-15	6.30	6.33	6.22	6.22	2640037	17757056.00
2021-10-18	6.20	6.30	6.19	6.26	1641384	10973453.00
2021-10-19	6.27	6.28	6.22	6.23	1582214	10592863.00
2021-10-20	6.23	6.25	6.18	6.24	1440140	9612909.00
2021-10-21	6.22	6.24	6.19	6.20	1598089	10647251.00
2021-10-22	6.21	6.22	6.14	6.16	1938020	12836291.00
2021-10-25	6.17	6.20	6.14	6.20	1484662	9835028.00
2021-10-26	6.20	6.21	6.07	6.09	2455440	16184804.00
2021-10-27	6.07	6.16	5.81	5.83	4085973	26009688.00
2021-10-28	5.82	5.83	5.61	5.63	3816994	23366932.00
2021-10-29	5.71	5.71	5.61	5.68	2120914	12984613.00
2021-11-01	5.59	5.73	5.51	5.69	3636081	22066924.00
2021-11-02	5.66	5.77	5.51	5.57	3580400	21748660.00
2021-11-03	5.55	5.67	5.54	5.60	2110560	12774461.00
2021-11-04	5.63	5.80	5.60	5.76	3454953	21273644.00
2021-11-05	5.70	5.87	5.69	5.79	2786540	17341224.00
2021-11-08	5.75	5.77	5.72	5.75	1402120	8686213.00
2021-11-09	5.74	5.83	5.73	5.83	1587640	9907629.00
2021-11-10	5.82	5.84	5.72	5.83	2288438	14262258.00
2021-11-11	5.79	5.92	5.79	5.85	2419340	15288352.00
2021-11-12	5.85	5.91	5.76	5.89	2902360	18272860.00
2021-11-15	5.88	6.05	5.87	6.02	3341032	21487356.00
2021-11-16	6.01	6.03	5.90	5.93	2610080	16703788.00
2021-11-17	5.94	6.00	5.91	5.99	1889160	12112198.00
2021-11-18	6.00	6.14	5.95	5.96	3715500	24107088.00
2021-11-19	5.95	6.03	5.89	5.99	2544640	16312470.00
2021-11-22	5.99	6.00	5.93	5.97	1419480	9114478.00
2021-11-23	6.01	6.03	5.96	6.00	2010320	12954408.00
2021-11-24	6.03	6.10	6.00	6.09	2415060	15731917.00
2021-11-25	6.08	6.12	6.03	6.06	1643500	10707122.00
2021-11-26	6.06	6.06	5.93	5.93	1997700	12840423.00
2021-11-29	5.87	5.87	5.81	5.83	2293022	14420504.00
2021-11-30	5.81	5.92	5.81	5.87	2067539	13086537.00
2021-12-01	5.87	6.00	5.86	5.99	2225480	14212019.00
2021-12-02	6.00	6.07	5.98	5.99	2472240	15982846.00
2021-12-03	5.97	6.04	5.95	5.99	1851340	11925539.00
2021-12-06	5.99	6.01	5.88	5.91	2139940	13693056.00
2021-12-07	5.91	5.94	5.75	5.82	2225320	14003152.00
2021-12-08	5.88	5.88	5.83	5.85	1572680	9902393.00
2021-12-09	5.85	6.19	5.83	6.02	6044717	39304400.00
2021-12-10	6.02	6.12	6.00	6.03	2862200	18609684.00
2021-12-13	6.10	6.19	6.06	6.12	3722280	24481854.00
2021-12-14	6.15	6.44	6.11	6.33	8146767	54867520.00
2021-12-15	6.34	6.35	6.22	6.23	4777940	32044800.00
2021-12-16	6.21	6.37	6.20	6.31	3937162	26515144.00
2021-12-17	6.32	6.32	6.22	6.25	3104620	20800612.00
2021-12-20	6.23	6.32	6.18	6.26	3105648	20826016.00
2021-12-21	6.23	6.85	6.21	6.60	13919255	97496368.00
2021-12-22	6.64	6.75	6.49	6.49	8174788	57409784.00
2021-12-23	6.51	6.52	6.29	6.30	6370120	43389520.00
2021-12-24	6.31	6.34	6.15	6.16	4510420	30073208.00
2021-12-27	6.19	6.34	6.17	6.32	4061800	27373994.00
2021-12-28	6.35	6.37	6.27	6.33	2797360	18926952.00
2021-12-29	6.32	6.34	6.21	6.32	2282920	15395503.00
2021-12-30	6.32	6.38	6.28	6.32	2158220	14640121.00
2021-12-31	6.33	6.37	6.30	6.31	2585520	17524112.00
2022-01-04	6.33	6.50	6.32	6.47	4400973	30280400.00
2022-01-05	6.46	6.50	6.38	6.43	3149263	21648464.00
2022-01-06	6.43	6.59	6.40	6.55	4054120	28237148.00
2022-01-07	6.55	6.60	6.42	6.44	3542140	24670888.00
2022-01-10	6.44	6.53	6.38	6.49	2147740	14869282.00
2022-01-11	6.49	6.51	6.43	6.45	2656940	18373458.00
2022-01-12	6.49	6.53	6.43	6.49	2333900	16168106.00
2022-01-13	6.49	6.59	6.47	6.52	3010120	21006778.00
2022-01-14	6.53	6.56	6.30	6.36	4126600	28352984.00
2022-01-17	6.36	6.42	6.33	6.42	2158460	14777227.00
2022-01-18	6.46	6.46	6.26	6.28	3400667	22996420.00
2022-01-19	6.25	6.35	6.24	6.31	1756267	11858342.00
2022-01-20	6.34	6.35	6.11	6.12	3161905	20990252.00
2022-01-21	6.20	6.20	6.03	6.07	2111920	13782441.00
2022-01-24	6.04	6.07	5.98	6.01	1503618	9744285.00
2022-01-25	6.00	6.01	5.76	5.76	3082496	19428232.00
2022-01-26	5.69	5.81	5.69	5.79	2267676	14103509.00
2022-01-27	5.79	5.80	5.56	5.58	2820800	17258518.00
2022-01-28	5.63	5.76	5.59	5.73	2043540	12537171.00
2022-02-07	5.80	5.85	5.72	5.76	1811320	11293002.00
2022-02-08	5.76	5.89	5.74	5.88	2219420	13961740.00
2022-02-09	5.87	5.94	5.86	5.91	2012280	12786466.00
2022-02-10	5.89	5.92	5.85	5.89	1825980	11568894.00
2022-02-11	5.88	5.88	5.77	5.78	2094274	13100808.00
2022-02-14	5.78	5.85	5.76	5.84	1613440	10110327.00
2022-02-15	5.84	5.87	5.74	5.78	1753840	10943067.00
2022-02-16	5.80	5.88	5.80	5.87	1449192	9123546.00
2022-02-17	5.87	5.90	5.78	5.79	1919560	12062290.00
2022-02-18	5.80	5.86	5.73	5.86	1532818	9586461.00
2022-02-21	5.84	5.91	5.83	5.91	1615400	10242370.00
2022-02-22	5.91	5.91	5.82	5.85	1850000	11667139.00
2022-02-23	5.84	5.92	5.84	5.89	1617680	10257007.00
2022-02-24	5.89	5.92	5.65	5.71	4016760	24992430.00
2022-02-25	5.74	5.83	5.72	5.72	2201440	13701232.00
2022-02-28	5.70	5.78	5.62	5.71	1642882	10078065.00
2022-03-01	5.72	5.77	5.70	5.77	2032360	12599761.00
2022-03-02	5.81	5.98	5.74	5.92	4852483	30753808.00
2022-03-03	5.91	5.95	5.87	5.92	2692220	17121104.00
2022-03-04	5.89	5.93	5.85	5.87	1994240	12625026.00
2022-03-07	5.85	5.96	5.82	5.92	3715642	23621484.00
2022-03-08	5.92	5.93	5.67	5.70	3251420	20178284.00
2022-03-09	5.70	5.76	5.40	5.56	4297685	25918120.00
2022-03-10	5.61	6.16	5.61	5.95	13856300	89954656.00
2022-03-11	5.77	6.59	5.77	6.40	36731527	249048928.00
2022-03-14	6.21	6.35	6.03	6.03	23033861	152241216.00
2022-03-15	6.03	6.17	5.84	5.84	13948994	90301336.00
2022-03-16	5.91	6.07	5.74	6.06	12607172	80622376.00
2022-03-17	6.03	6.15	5.92	5.99	13146508	85095288.00
2022-03-18	5.93	6.21	5.89	6.13	9973037	65133600.00
2022-03-21	6.11	6.21	6.06	6.15	7274957	47830172.00
2022-03-22	6.14	6.14	6.01	6.06	5788424	37717508.00
2022-03-23	6.06	6.10	5.96	5.96	5964060	38462744.00
2022-03-24	5.93	5.96	5.82	5.85	4710048	29807608.00
2022-03-25	5.85	6.11	5.80	5.99	7048040	45437776.00
2022-03-28	6.00	6.03	5.82	5.87	4498360	28493510.00
2022-03-29	5.88	5.94	5.69	5.70	5027300	31320112.00
2022-03-30	5.73	5.79	5.72	5.77	2479440	15375051.00
2022-03-31	5.75	5.87	5.72	5.82	3075732	19289304.00
2022-04-01	5.82	5.82	5.73	5.75	2526980	15684930.00
2022-04-06	5.75	5.89	5.71	5.85	3921141	24664528.00
2022-04-07	5.89	5.89	5.69	5.72	3529581	21966052.00
2022-04-08	5.74	5.75	5.63	5.66	3010840	18424624.00
2022-04-11	5.66	5.71	5.50	5.56	2848740	17290636.00
2022-04-12	5.58	5.69	5.48	5.68	2525160	15243393.00
2022-04-13	5.67	5.80	5.61	5.67	3685120	22706832.00
2022-04-14	5.67	5.73	5.66	5.69	2682900	16474547.00
2022-04-15	5.67	5.68	5.51	5.53	3755280	22593272.00
2022-04-18	5.54	5.60	5.43	5.59	2177724	13009762.00
2022-04-19	5.59	5.64	5.54	5.61	1811460	10946155.00
2022-04-20	5.65	5.77	5.63	5.67	4136320	25480310.00
2022-04-21	5.65	5.69	5.46	5.48	4436105	26677388.00
2022-04-22	5.48	5.51	5.37	5.44	2837580	16727294.00
2022-04-25	5.41	5.48	5.01	5.05	5649345	32240724.00
2022-04-26	5.06	5.16	4.83	4.86	4152674	22625976.00
2022-04-27	4.79	4.98	4.69	4.96	4122186	21801764.00
2022-04-28	4.93	4.99	4.79	4.85	3264146	17453154.00
2022-04-29	4.87	5.09	4.87	5.05	3883534	21208736.00
2022-05-05	5.00	5.19	5.00	5.13	2622320	14599258.00
2022-05-06	5.05	5.13	5.01	5.13	2201560	12190074.00
2022-05-09	5.12	5.23	5.12	5.20	1726300	9728203.00
2022-05-10	5.14	5.27	5.10	5.27	2340008	13239236.00
2022-05-11	5.22	5.32	5.18	5.18	3067648	17535620.00
2022-05-12	5.17	5.29	5.15	5.27	2443940	13931662.00
2022-05-13	5.34	5.35	5.25	5.32	2194020	12644687.00
2022-05-16	5.36	5.37	5.26	5.31	2012200	11593028.00
2022-05-17	5.35	5.35	5.24	5.32	1737700	9968720.00
2022-05-18	5.30	5.38	5.29	5.32	2203420	12768896.00
2022-05-19	5.27	5.41	5.21	5.41	2308270	13376951.00
2022-05-20	5.40	5.46	5.38	5.45	1806938	10627201.00
2022-05-23	5.45	5.57	5.42	5.56	2311764	13781422.00
2022-05-24	5.56	5.58	5.31	5.31	2766828	16292379.00
2022-05-25	5.29	5.46	5.29	5.45	2524318	14794275.00
2022-05-26	5.44	5.57	5.40	5.55	2994038	17838574.00
2022-05-27	5.70	5.89	5.58	5.61	6440100	39655580.00
2022-05-30	5.67	5.69	5.54	5.58	3709420	22404370.00
2022-05-31	5.58	5.59	5.51	5.57	2358100	14172199.00
2022-06-01	5.55	5.67	5.53	5.65	2957040	17981784.00
2022-06-02	5.66	5.74	5.62	5.73	3415900	21003840.00
2022-06-06	5.73	5.74	5.64	5.71	3248440	19945052.00
2022-06-07	5.74	5.74	5.57	5.63	3232240	19659680.00
2022-06-08	5.65	5.65	5.44	5.55	3488480	20900794.00
2022-06-09	5.54	5.58	5.39	5.47	2343940	13932626.00
2022-06-10	5.43	5.62	5.43	5.58	2405420	14343604.00
2022-06-13	5.55	5.60	5.48	5.52	1887260	11194945.00
2022-06-14	5.48	5.51	5.39	5.49	2610600	15275358.00
2022-06-15	5.51	5.58	5.48	5.51	2393500	14231454.00
2022-06-16	5.53	5.55	5.48	5.53	1908440	11277562.00
2022-06-17	5.52	5.64	5.42	5.57	3163800	18795008.00
2022-06-20	5.59	5.74	5.55	5.73	4244860	25864698.00
2022-06-21	5.74	5.76	5.64	5.70	2822032	17226988.00
2022-06-22	5.70	5.71	5.59	5.64	2241840	13542541.00
2022-06-23	5.63	5.74	5.62	5.74	2747260	16737571.00
2022-06-24	5.75	5.97	5.71	5.94	7565997	47637208.00
2022-06-27	5.94	6.01	5.88	5.99	5789760	36782744.00
2022-06-28	6.03	6.33	5.96	6.25	9201942	60797664.00
2022-06-29	6.20	6.27	6.03	6.03	5721860	37388616.00
2022-06-30	6.00	6.12	5.98	5.99	4428480	28540174.00
2022-07-01	6.02	6.25	6.00	6.10	4595911	30044478.00
2022-07-04	6.11	6.17	6.02	6.06	2870882	18610200.00
2022-07-05	6.06	6.12	5.89	5.97	3436380	21941260.00
2022-07-06	6.61	6.61	6.61	6.61	6800984	47674896.00
2022-07-07	6.76	7.18	6.60	6.62	46959150	341215712.00
2022-07-08	6.43	6.78	6.35	6.54	31348244	216606816.00
2022-07-11	6.46	6.78	6.41	6.65	24308502	171191904.00
2022-07-12	6.65	6.73	6.51	6.68	17979616	126656496.00
2022-07-13	6.58	7.08	6.54	6.91	24261740	175206784.00
2022-07-14	6.90	7.00	6.61	6.64	19353205	137968080.00
2022-07-15	6.59	6.86	6.55	6.59	13476460	95587016.00
2022-07-18	6.61	6.89	6.61	6.85	16279699	117428872.00
2022-07-19	6.87	6.90	6.75	6.86	8251664	59530316.00
2022-07-20	6.85	6.95	6.75	6.82	6528120	46956132.00
2022-07-21	6.79	6.92	6.76	6.76	8273640	59960336.00
2022-07-22	6.78	6.87	6.70	6.86	8322760	59887648.00
2022-07-25	6.87	6.89	6.72	6.74	6444458	46320352.00
2022-07-26	6.78	6.89	6.59	6.86	8640700	61828388.00
2022-07-27	6.86	7.15	6.83	7.09	13768052	102647808.00
2022-07-28	7.09	7.31	7.05	7.07	9784700	73781512.00
2022-07-29	7.07	7.13	6.99	7.01	6603440	49257832.00
2022-08-01	6.98	7.04	6.83	6.89	7175780	52370724.00
2022-08-02	6.92	6.92	6.49	6.59	8908540	62629912.00
2022-08-03	6.57	6.86	6.54	6.60	8060540	57518116.00
2022-08-04	6.64	6.84	6.55	6.73	5442020	38428704.00
2022-08-05	6.80	6.80	6.55	6.64	4873000	34248764.00
2022-08-08	6.61	6.64	6.53	6.57	5468520	38111616.00
2022-08-09	6.59	6.73	6.53	6.54	5591500	39115320.00
2022-08-10	6.53	6.65	6.51	6.57	7052504	49260136.00
2022-08-11	6.59	6.82	6.58	6.79	9073102	64937564.00
2022-08-12	6.85	7.00	6.75	6.75	7455564	54151900.00
2022-08-15	6.77	6.85	6.69	6.84	5055020	36251896.00
2022-08-16	6.85	7.05	6.82	6.95	5446058	39988480.00
2022-08-17	7.01	7.05	6.92	6.93	4425878	32567240.00
2022-08-18	6.96	6.96	6.85	6.90	4326720	31534828.00
2022-08-19	6.97	7.09	6.76	6.76	5913260	43054276.00
2022-08-22	6.74	6.79	6.60	6.65	6474000	45694320.00
2022-08-23	6.61	6.68	6.56	6.66	6665020	46827996.00
2022-08-24	6.65	6.68	6.25	6.31	7566300	51570232.00
2022-08-25	6.31	6.38	6.15	6.20	5190100	34353428.00
2022-08-26	6.24	6.24	6.08	6.10	4992900	32747598.00
2022-08-29	6.09	6.22	5.94	6.22	4695960	30632036.00
2022-08-30	6.22	6.32	6.12	6.21	3976182	26237340.00
2022-08-31	6.19	6.19	5.97	6.00	4682520	30144308.00
2022-09-01	5.98	6.05	5.92	5.93	3945740	25166798.00
2022-09-02	5.98	6.05	5.92	6.05	2920960	18718256.00
2022-09-05	6.04	6.09	5.99	6.05	3099520	19928200.00
2022-09-06	6.05	6.17	6.02	6.17	3958724	25732080.00
2022-09-07	6.10	6.21	6.07	6.09	3659300	23815356.00
2022-09-08	6.10	6.18	5.96	5.96	2787920	17904788.00
2022-09-09	5.97	6.03	5.91	5.95	3153360	20047844.00
2022-09-13	5.96	6.01	5.93	5.94	2445802	15559332.00
2022-09-14	5.85	5.93	5.80	5.90	3136040	19630026.00
2022-09-15	5.89	5.91	5.67	5.72	4738760	29224362.00
2022-09-16	5.65	5.76	5.57	5.57	3992575	24143934.00
2022-09-19	5.55	5.61	5.45	5.49	4238551	25076120.00
2022-09-20	5.50	5.62	5.50	5.62	2471940	14816729.00
2022-09-21	5.62	5.68	5.50	5.67	2449070	14724062.00
2022-09-22	5.70	5.75	5.57	5.68	3591720	21845520.00
2022-09-23	5.67	5.76	5.52	5.54	2986760	17958140.00
2022-09-26	5.51	5.55	5.40	5.43	2576931	15148164.00
2022-09-27	5.40	5.59	5.40	5.59	2654980	15749800.00
2022-09-28	5.59	5.60	5.45	5.46	2524720	14892791.00
2022-09-29	5.53	5.56	5.37	5.42	3498567	20466840.00
2022-09-30	5.39	5.48	5.28	5.28	3714700	21312240.00
2022-10-10	5.32	5.34	5.19	5.26	3449700	19529520.00
2022-10-11	5.29	5.38	5.15	5.36	3705080	20986962.00
2022-10-12	5.27	5.46	5.19	5.46	4378233	25041358.00
2022-10-13	5.43	5.55	5.39	5.50	3389100	19923748.00
2022-10-14	5.58	5.68	5.56	5.64	5304558	31973420.00
2022-10-17	5.69	5.84	5.65	5.78	7755903	47687168.00
2022-10-18	5.76	5.86	5.74	5.79	5354162	33187516.00
2022-10-19	5.81	5.83	5.70	5.72	4837260	29808516.00
2022-10-20	5.72	5.75	5.65	5.68	3381820	20654224.00
2022-10-21	5.70	5.76	5.68	5.70	2987214	18275426.00
2022-10-24	5.75	5.80	5.62	5.65	3705000	22670860.00
2022-10-25	5.68	5.75	5.56	5.72	3653300	22152804.00
2022-10-26	5.83	6.01	5.77	5.86	5890300	36902716.00
2022-10-27	5.93	6.03	5.82	5.83	5438252	34271228.00
2022-10-28	6.30	6.30	5.73	5.76	17369752	109806936.00
2022-10-31	5.67	5.71	5.50	5.61	12318844	74009136.00
2022-11-01	5.57	5.76	5.56	5.76	6139460	37244416.00
2022-11-02	5.70	5.84	5.69	5.79	5524475	34128320.00
2022-11-03	5.79	5.81	5.71	5.74	3688775	22690758.00
2022-11-04	5.74	5.82	5.72	5.81	3840615	23765326.00
2022-11-07	5.80	5.86	5.73	5.85	4327600	26894522.00
2022-11-08	5.87	5.90	5.76	5.87	4449380	27710696.00
2022-11-09	5.87	5.91	5.83	5.85	3233540	20265660.00
2022-11-10	5.81	5.88	5.78	5.79	3414880	21250314.00
2022-11-11	5.87	5.93	5.82	5.82	4754820	29760740.00
2022-11-14	5.84	5.89	5.78	5.85	4411680	27512808.00
2022-11-15	5.83	5.88	5.76	5.86	4771200	29782322.00
2022-11-16	5.87	5.90	5.83	5.86	3888140	24355960.00
2022-11-17	5.83	5.86	5.80	5.85	2981347	18576410.00
2022-11-18	5.83	5.87	5.74	5.74	4198618	26055380.00
2022-11-21	5.72	5.75	5.66	5.71	4073123	24792644.00
2022-11-22	5.70	5.79	5.67	5.70	4396080	26937736.00
2022-11-23	5.70	5.75	5.57	5.71	4677563	28294286.00
2022-11-24	5.72	5.77	5.68	5.69	2353688	14394315.00
2022-11-25	5.72	5.72	5.57	5.57	4412985	26540472.00
2022-11-28	5.56	5.58	5.43	5.50	4339300	25538524.00
2022-11-29	5.52	5.66	5.50	5.64	4108524	24656868.00
2022-11-30	5.62	5.69	5.61	5.64	2976342	17991400.00
2022-12-01	5.63	5.70	5.63	5.65	2911000	17644372.00
2022-12-02	5.65	5.70	5.61	5.69	3271900	19863072.00
2022-12-05	5.73	5.78	5.70	5.78	3662111	22524812.00
2022-12-06	5.77	5.80	5.72	5.76	2861902	17618684.00
2022-12-07	5.74	5.79	5.73	5.79	2535360	15635902.00
2022-12-08	5.76	5.87	5.74	5.84	4131177	25668128.00
2022-12-09	5.85	5.87	5.72	5.79	3381602	20857500.00
2022-12-12	5.76	5.77	5.66	5.71	2674000	16321549.00
2022-12-13	5.72	5.75	5.67	5.69	2466800	15030431.00
2022-12-14	5.69	5.74	5.64	5.66	2153610	13098007.00
2022-12-15	5.66	5.77	5.64	5.75	3270324	20049108.00
2022-12-16	5.71	5.75	5.60	5.62	2836940	17143186.00
2022-12-19	5.60	5.62	5.43	5.46	3206280	18922560.00
2022-12-20	5.43	5.61	5.41	5.56	3436980	20391388.00
2022-12-21	5.56	5.61	5.43	5.47	2351102	13862065.00
2022-12-22	5.47	5.50	5.31	5.32	3076500	17833932.00
2022-12-23	5.30	5.47	5.25	5.33	3518440	20164720.00
2022-12-26	5.29	5.73	5.29	5.47	7799239	45870804.00
2022-12-27	5.61	5.87	5.44	5.58	10561705	63600020.00
2022-12-28	5.65	5.69	5.48	5.49	5184680	30732084.00
2022-12-29	5.50	5.53	5.40	5.41	3457600	20246796.00
2022-12-30	5.41	5.51	5.41	5.49	2715562	15893002.00
2023-01-03	5.51	5.54	5.40	5.52	4419952	26032964.00
2023-01-04	5.51	5.59	5.51	5.57	4362582	25983240.00
2023-01-05	5.59	5.60	5.52	5.56	4071700	24240436.00
2023-01-06	5.55	5.58	5.49	5.51	3064100	18182338.00
2023-01-09	5.51	5.55	5.48	5.52	4131140	24470536.00
2023-01-10	5.52	5.54	5.46	5.48	2182540	12846827.00
2023-01-11	5.46	5.50	5.40	5.41	2544700	14898604.00
2023-01-12	5.44	5.44	5.36	5.40	2408010	13953124.00
2023-01-13	5.38	5.43	5.37	5.42	1734344	10061679.00
2023-01-16	5.43	5.48	5.42	5.46	2523960	14771961.00
2023-01-17	5.43	5.47	5.41	5.45	2154244	12575766.00
2023-01-18	5.47	5.49	5.44	5.48	1964900	11523656.00
2023-01-19	5.90	5.90	5.61	5.71	17836309	109236696.00
2023-01-20	5.70	6.03	5.67	6.00	17586854	111222544.00
2023-01-30	6.00	6.19	6.00	6.08	13843191	89892368.00
2023-01-31	6.01	6.23	6.00	6.20	10314400	67691408.00
2023-02-01	6.25	6.29	6.17	6.24	7370477	48769352.00
2023-02-02	6.20	6.29	6.14	6.22	6831439	45073816.00
2023-02-03	6.20	6.23	6.08	6.14	4971300	32454996.00
2023-02-06	6.12	6.20	6.10	6.16	3745500	24536050.00
2023-02-07	6.16	6.25	6.11	6.23	4249780	28032224.00
2023-02-08	6.23	6.26	6.16	6.20	4008400	26474958.00
2023-02-09	6.17	6.23	6.15	6.19	3361620	22166948.00
2023-02-10	6.19	6.26	6.15	6.23	3646740	24088184.00
2023-02-13	6.22	6.24	6.15	6.19	3211400	21121508.00
2023-02-14	6.19	6.25	6.15	6.17	4681183	30874502.00
2023-02-15	6.19	6.23	6.15	6.21	2779080	18308156.00
2023-02-16	6.20	6.24	5.99	6.01	4721900	30819376.00
2023-02-17	6.05	6.16	6.04	6.04	4426660	28751478.00
2023-02-20	5.93	6.05	5.73	5.82	36712040	229642288.00
2023-02-21	5.83	6.05	5.83	5.96	18619525	117689640.00
2023-02-22	5.96	6.09	5.92	5.96	9077526	57976672.00
2023-02-23	6.02	6.03	5.93	5.96	6136791	39100412.00
2023-02-24	5.96	6.02	5.88	5.91	5694220	36009636.00
2023-02-27	5.90	5.95	5.86	5.88	6215200	39185408.00
2023-02-28	5.89	5.95	5.86	5.92	4647874	29269024.00
2023-03-01	5.89	6.00	5.87	5.99	5678297	35994104.00
2023-03-02	5.98	6.03	5.91	5.92	5146013	32753492.00
2023-03-03	5.92	5.93	5.86	5.91	5707983	35944488.00
2023-03-06	5.91	5.94	5.86	5.90	5541008	34900604.00
2023-03-07	5.88	5.90	5.76	5.77	6068271	37792040.00
2023-03-08	5.74	5.79	5.71	5.79	3176056	19589954.00
2023-03-09	5.80	5.80	5.74	5.77	4368040	26930366.00
2023-03-10	5.74	5.78	5.65	5.68	4688118	28611022.00
2023-03-13	5.67	5.69	5.61	5.67	4496040	27191370.00
2023-03-14	5.65	5.69	5.48	5.55	7253785	43188656.00
2023-03-15	5.58	5.66	5.57	5.65	5268764	31753746.00
2023-03-16	5.59	5.67	5.53	5.54	4778680	28619540.00
2023-03-17	5.59	5.63	5.56	5.60	5080400	30472298.00
2023-03-20	5.60	5.65	5.57	5.60	7033727	42186896.00
2023-03-21	5.63	5.69	5.52	5.68	5811083	35026728.00
2023-03-22	5.68	5.76	5.65	5.72	6100960	37312632.00
2023-03-23	5.67	5.76	5.63	5.65	7426869	45041520.00
2023-03-24	5.65	5.68	5.59	5.68	7185700	43371464.00
2023-03-27	5.69	5.69	5.47	5.51	15357900	91294128.00
2023-03-28	5.53	5.54	5.42	5.44	8697388	51030132.00
2023-03-29	5.46	5.47	5.38	5.39	5519519	32097876.00
2023-03-30	5.40	5.40	5.29	5.36	6251224	35903440.00
2023-03-31	5.36	5.43	5.33	5.42	5099944	29587908.00
2023-04-03	5.38	5.44	5.38	5.43	5714079	33237058.00
2023-04-04	5.43	5.44	5.31	5.31	8304520	47797256.00
2023-04-06	5.34	5.35	5.25	5.32	5319567	30300362.00
2023-04-07	5.31	5.34	5.30	5.32	5258727	30079684.00
2023-04-10	5.32	5.35	5.22	5.24	7759817	44005420.00
2023-04-11	5.22	5.26	5.18	5.24	5200672	29196284.00
2023-04-12	5.25	5.31	5.24	5.29	4374100	24859788.00
2023-04-13	5.28	5.31	5.25	5.26	4678440	26555250.00
2023-04-14	5.26	5.30	5.23	5.27	3647546	20668456.00
2023-04-17	5.28	5.37	5.28	5.35	6979260	40005568.00
2023-04-18	5.32	5.34	5.28	5.31	5458705	31151080.00
2023-04-19	5.32	5.32	5.23	5.24	5223291	29530482.00
2023-04-20	5.24	5.27	5.16	5.27	6079678	34122600.00
2023-04-21	5.28	5.28	5.05	5.09	8650098	48125568.00
2023-04-24	5.08	5.18	5.05	5.14	5409697	29841650.00
2023-04-25	5.11	5.12	4.96	5.02	6472118	35114532.00
2023-04-26	5.02	5.13	4.98	5.09	4875034	26739848.00
2023-04-27	5.09	5.15	5.07	5.13	3488993	19262996.00
2023-04-28	5.12	5.24	5.11	5.24	7125713	39869612.00
2023-05-04	5.21	5.32	5.20	5.29	8101431	46005548.00
2023-05-05	5.28	5.31	5.23	5.27	4670561	26461312.00
2023-05-08	5.25	5.32	5.25	5.30	4945620	28073944.00
2023-05-09	5.30	5.30	5.18	5.19	6187200	34773024.00
2023-05-10	5.20	5.23	5.16	5.22	3850480	21555416.00
2023-05-11	5.22	5.28	5.21	5.26	3782140	21358552.00
2023-05-12	5.28	5.28	5.17	5.18	3876400	21791504.00
2023-05-15	5.19	5.36	5.19	5.34	11238147	64058304.00
2023-05-16	5.31	5.34	5.27	5.30	6264022	35691564.00
2023-05-17	5.30	5.34	5.25	5.34	4490572	25634696.00
2023-05-18	5.35	5.38	5.32	5.38	4714320	27125946.00
2023-05-19	5.37	5.39	5.32	5.36	3931580	22620926.00
2023-05-22	5.37	5.40	5.33	5.40	4218300	24345500.00
2023-05-23	5.43	5.43	5.30	5.33	3614180	20812460.00
2023-05-24	5.31	5.35	5.28	5.30	4142261	23696348.00
2023-05-25	5.30	5.36	5.26	5.36	4674352	26695864.00
2023-05-26	5.35	5.36	5.26	5.33	3779742	21575664.00
2023-05-29	5.33	5.36	5.28	5.34	3862113	22093520.00
2023-05-30	5.33	5.39	5.29	5.38	7056980	40642688.00
2023-05-31	5.38	5.38	5.30	5.30	6243796	35748700.00
2023-06-01	5.31	5.55	5.29	5.38	15381635	89604416.00
2023-06-02	5.38	5.51	5.35	5.44	12947357	75806944.00
2023-06-05	5.48	5.49	5.40	5.44	7524929	43866808.00
2023-06-06	5.41	5.53	5.39	5.42	11423220	66867768.00
2023-06-07	5.42	5.44	5.34	5.35	8758964	50522428.00
2023-06-08	5.36	5.37	5.26	5.27	6808164	38870696.00
2023-06-09	5.32	5.33	5.23	5.24	6605420	37457640.00
2023-06-12	5.23	5.35	5.14	5.30	10975040	61790744.00
2023-06-13	5.29	5.34	5.25	5.28	6061800	34436224.00
2023-06-14	5.29	5.32	5.23	5.25	5294100	29374556.00
2023-06-15	5.22	5.58	5.22	5.44	17917979	102646248.00
2023-06-16	5.43	5.44	5.34	5.35	11425260	64928912.00
2023-06-19	5.34	5.41	5.31	5.35	6768440	38325532.00
2023-06-20	5.32	5.37	5.31	5.31	4852660	27337582.00
2023-06-21	5.30	5.40	5.26	5.30	6413007	36035816.00
2023-06-26	5.21	5.40	5.20	5.31	7975180	44928364.00
2023-06-27	5.30	5.51	5.29	5.50	12392521	70977336.00
2023-06-28	5.51	5.52	5.42	5.50	8285142	47824028.00
2023-06-29	5.47	5.66	5.47	5.63	12816673	75692624.00
2023-06-30	5.64	5.74	5.62	5.62	10849460	64732744.00
2023-07-03	5.62	5.70	5.60	5.62	8392494	49757928.00
2023-07-04	5.63	5.71	5.60	5.64	6949280	41439812.00
2023-07-05	5.65	5.69	5.57	5.61	7755846	46037524.00
2023-07-06	5.60	5.64	5.58	5.63	5211762	30785796.00
2023-07-07	5.61	5.69	5.58	5.61	7117990	42143060.00
2023-07-10	5.66	5.74	5.59	5.65	8830740	52689616.00
2023-07-11	5.64	5.72	5.63	5.69	5988870	35813164.00
2023-07-12	5.69	5.71	5.61	5.63	5533735	32966664.00
2023-07-13	5.66	5.66	5.58	5.62	4809915	28464168.00
2023-07-14	5.64	5.64	5.57	5.57	4316240	25499272.00
2023-07-17	5.55	5.62	5.55	5.60	4295880	25298300.00
2023-07-18	5.62	5.65	5.56	5.64	4500500	26639580.00
2023-07-19	5.62	5.65	5.58	5.61	4008560	23690472.00
2023-07-20	5.63	5.65	5.54	5.54	4902480	28872436.00
2023-07-21	5.54	5.57	5.50	5.52	3822414	22284782.00
2023-07-24	5.52	5.55	5.48	5.52	2765334	16079504.00
2023-07-25	5.55	5.58	5.54	5.58	4196458	24599596.00
2023-07-26	5.58	5.61	5.55	5.58	3881300	22832252.00
2023-07-27	5.60	5.60	5.54	5.55	4902999	28816086.00
2023-07-28	5.53	5.68	5.50	5.67	8421670	49730556.00
2023-07-31	5.65	5.72	5.65	5.68	6094880	36460768.00
2023-08-01	5.69	5.70	5.65	5.68	3399560	20286584.00
2023-08-02	5.66	5.70	5.64	5.70	3954040	23661732.00
2023-08-03	5.69	5.69	5.62	5.66	4105800	24400008.00
2023-08-04	5.69	5.69	5.62	5.63	3717220	22078996.00
2023-08-07	5.63	5.63	5.54	5.56	3833900	22506516.00
2023-08-08	5.56	5.59	5.52	5.54	2384080	13924100.00
2023-08-09	5.53	5.54	5.42	5.44	5737560	33114490.00
2023-08-10	5.45	5.48	5.42	5.46	2688600	15469685.00
2023-08-11	5.47	5.48	5.36	5.38	3871894	22144756.00
2023-08-14	5.36	5.41	5.31	5.40	2891780	16365846.00
2023-08-15	5.38	5.41	5.31	5.35	3496424	19797098.00
2023-08-16	5.38	5.38	5.34	5.35	2769760	15672127.00
2023-08-17	5.33	5.42	5.26	5.41	4588180	25919814.00
2023-08-18	5.40	5.47	5.39	5.40	4603700	26382634.00
2023-08-21	5.41	5.50	5.40	5.41	3628400	20856772.00
2023-08-22	5.41	5.44	5.30	5.38	4157100	23550724.00
2023-08-23	5.37	5.40	5.33	5.36	3031260	17196948.00
2023-08-24	5.33	5.39	5.28	5.34	3246600	18286408.00
2023-08-25	5.34	5.38	5.23	5.27	4148580	23234566.00
2023-08-28	5.55	5.55	5.42	5.43	11579149	67050696.00
2023-08-29	5.40	5.53	5.40	5.52	5710520	33077340.00
2023-08-30	5.52	5.59	5.51	5.54	6542167	38259332.00
2023-08-31	5.57	5.57	5.49	5.51	4295620	25002546.00
2023-09-01	5.54	5.56	5.49	5.54	4379704	25479384.00
2023-09-04	5.52	5.59	5.52	5.57	5365640	31440500.00
2023-09-05	5.58	5.59	5.53	5.55	3035160	17763356.00
2023-09-06	5.55	5.58	5.51	5.56	3159286	18491096.00
2023-09-07	5.56	5.56	5.45	5.45	3969880	23024034.00
2023-09-08	5.48	5.52	5.43	5.48	3603420	20822388.00
2023-09-11	5.48	5.56	5.42	5.55	4452762	25882780.00
2023-09-12	5.55	5.55	5.50	5.53	3407200	19839536.00
2023-09-13	5.53	5.53	5.45	5.49	3482640	20136996.00
2023-09-14	5.47	5.48	5.41	5.45	2806800	16109731.00
2023-09-15	5.47	5.48	5.41	5.45	3015680	17319164.00
2023-09-18	5.45	5.57	5.38	5.55	7240380	42072888.00
2023-09-19	5.55	5.56	5.48	5.50	3753280	21782744.00
2023-09-20	5.47	5.51	5.44	5.45	3699660	21339244.00
2023-09-21	5.44	5.47	5.40	5.41	3440500	19697892.00
2023-09-22	5.41	5.52	5.39	5.52	4585040	26462392.00
2023-09-25	5.52	5.56	5.47	5.52	3358200	19525100.00
2023-09-26	5.50	5.52	5.48	5.49	3117800	18081996.00
2023-09-27	5.49	5.52	5.42	5.48	4743400	27410544.00
2023-09-28	5.48	5.55	5.47	5.54	3803700	22166462.00
2023-10-09	5.53	5.54	5.46	5.48	4488364	25969854.00
2023-10-10	5.48	5.50	5.40	5.43	4241940	24356120.00
2023-10-11	5.45	5.47	5.40	5.43	3958900	22731096.00
2023-10-12	5.44	5.48	5.40	5.43	3872800	22181048.00
2023-10-13	5.42	5.43	5.37	5.37	4523264	25747430.00
2023-10-16	5.39	5.41	5.33	5.36	3739420	21177164.00
2023-10-17	5.36	5.39	5.32	5.38	3464383	19626864.00
2023-10-18	5.36	5.37	5.25	5.26	4313624	24112732.00
2023-10-19	5.24	5.32	5.22	5.22	3531683	19621944.00
2023-10-20	5.22	5.27	5.17	5.18	3374900	18605252.00
2023-10-23	5.17	5.20	5.02	5.04	4913280	26509152.00
2023-10-24	5.03	5.18	5.03	5.17	5867020	31858324.00
2023-10-25	5.19	5.29	5.18	5.28	4058300	22534324.00
2023-10-26	5.32	5.44	5.30	5.44	12473540	70972728.00
2023-10-27	5.43	5.53	5.42	5.51	10285022	59595316.00
2023-10-30	5.55	5.56	5.49	5.53	7771700	45323296.00
2023-10-31	5.53	5.54	5.44	5.45	4709800	27180712.00
2023-11-01	5.48	5.51	5.44	5.49	4595500	26572848.00
2023-11-02	5.46	5.54	5.45	5.47	4904560	28458286.00
2023-11-03	5.47	5.53	5.46	5.48	4439940	25769820.00
2023-11-06	5.51	5.57	5.50	5.56	6790616	39677576.00
2023-11-07	5.55	5.60	5.54	5.58	5683080	33389564.00
2023-11-08	5.59	5.59	5.53	5.55	4065700	23800984.00
2023-11-09	5.55	5.59	5.53	5.56	4163171	24385646.00
2023-11-10	5.54	5.58	5.51	5.55	4454558	26033604.00
2023-11-13	5.57	5.61	5.56	5.59	4083952	24053424.00
2023-11-14	5.61	5.61	5.54	5.56	4257600	24966622.00
2023-11-15	5.59	5.71	5.57	5.65	9445199	56265908.00
2023-11-16	5.60	5.66	5.57	5.58	6244160	36911564.00
2023-11-17	5.60	5.65	5.57	5.64	4397837	26033924.00
2023-11-20	5.67	5.82	5.64	5.80	10106582	61268320.00
2023-11-21	5.79	5.82	5.74	5.77	8691464	52874400.00
2023-11-22	5.74	5.79	5.71	5.73	6079024	36768020.00
2023-11-23	5.71	5.81	5.70	5.78	5945663	36118868.00
2023-11-24	5.76	5.79	5.70	5.71	4964100	29919520.00
2023-11-27	5.69	5.74	5.60	5.73	6652992	39960920.00
2023-11-28	5.72	5.82	5.71	5.81	7076768	43068580.00
2023-11-29	5.80	5.84	5.78	5.81	5371280	32795582.00
2023-11-30	5.80	5.83	5.69	5.74	5452460	32992728.00
2023-12-01	5.72	5.80	5.70	5.77	5594394	33900584.00
2023-12-04	5.77	5.78	5.73	5.76	5026692	30420450.00
2023-12-05	5.73	5.78	5.70	5.71	5253960	31712372.00
2023-12-06	5.69	5.81	5.68	5.70	5598420	33762832.00
2023-12-07	5.72	5.74	5.67	5.72	5331580	32000746.00
2023-12-08	5.71	5.76	5.48	5.50	9486306	55821288.00
2023-12-11	5.47	5.61	5.44	5.60	6917250	40456352.00
2023-12-12	5.60	5.64	5.55	5.63	4339550	25574204.00
2023-12-13	5.61	5.73	5.61	5.67	4683358	28000754.00
2023-12-14	5.68	5.73	5.64	5.68	5446540	32597990.00
2023-12-15	5.68	5.70	5.62	5.65	3877700	23070408.00
2023-12-18	5.66	5.67	5.56	5.59	4881660	28856768.00
2023-12-19	5.60	5.62	5.51	5.57	4891000	28651624.00
2023-12-20	5.57	5.67	5.52	5.52	4618180	27231570.00
2023-12-21	5.52	5.76	5.43	5.68	9131068	53800504.00
2023-12-22	5.63	5.68	5.47	5.50	11659520	68148776.00
2023-12-25	5.49	5.55	5.46	5.51	6385348	36987200.00
2023-12-26	5.51	5.51	5.37	5.39	6497488	37110048.00
2023-12-27	5.41	5.49	5.36	5.48	5298140	30330568.00
2023-12-28	5.51	5.58	5.39	5.54	4104220	23821546.00
2023-12-29	5.55	5.67	5.51	5.67	6295120	37264412.00
2024-01-02	5.67	5.76	5.65	5.75	6996383	42128464.00
2024-01-03	5.75	5.76	5.68	5.74	6340740	38179172.00
2024-01-04	5.75	5.76	5.69	5.74	5051600	30433156.00
2024-01-05	5.76	5.79	5.64	5.68	6103672	36740904.00
2024-01-08	5.68	5.68	5.57	5.58	4665072	27598776.00
2024-01-09	5.60	5.69	5.54	5.66	5133780	30496022.00
2024-01-10	5.66	5.68	5.56	5.60	5329591	31540204.00
2024-01-11	5.59	5.71	5.57	5.64	10782800	63848560.00
2024-01-12	5.63	5.69	5.59	5.59	5867172	34772516.00
2024-01-15	5.57	5.64	5.54	5.63	5162700	30482160.00
2024-01-16	5.63	5.63	5.45	5.58	5229400	30548108.00
2024-01-17	5.57	5.59	5.43	5.44	4438960	25829426.00
2024-01-18	5.45	5.45	5.10	5.24	10758300	59625328.00
2024-01-19	5.23	5.26	5.11	5.13	7232800	39568368.00
2024-01-22	5.12	5.14	4.75	4.80	8211460	43196320.00
2024-01-23	4.78	4.81	4.62	4.74	10629740	53348016.00
2024-01-24	4.75	4.84	4.62	4.80	8670260	43671960.00
2024-01-25	4.80	5.03	4.77	5.01	9488580	49499488.00
2024-01-26	5.00	5.13	5.00	5.05	6962960	37403132.00
2024-01-29	5.07	5.08	4.87	4.90	6378500	33515778.00
2024-01-30	4.85	4.89	4.72	4.75	7472700	38135596.00
2024-01-31	4.75	4.75	4.46	4.49	11509120	56118788.00
2024-02-01	4.44	4.46	4.25	4.34	10855580	50501332.00
2024-02-02	4.34	4.42	3.89	4.11	11664631	52353812.00
2024-02-05	4.02	4.05	3.67	3.67	15949594	64375436.00
2024-02-06	3.49	3.74	3.31	3.56	19833241	75424056.00
2024-02-07	3.55	3.56	3.29	3.33	21580297	80185168.00
2024-02-08	3.36	3.69	3.30	3.69	19850213	75557264.00
2024-02-19	3.77	4.01	3.76	4.00	24041922	101295184.00
2024-02-20	3.96	3.97	3.85	3.94	8566573	36132560.00
2024-02-21	3.91	4.19	3.86	4.06	11835323	51725800.00
2024-02-22	4.02	4.16	4.02	4.12	8213002	36056400.00
2024-02-23	4.14	4.28	4.10	4.26	9902580	44411384.00
2024-02-26	4.30	4.46	4.30	4.40	10336622	48429064.00
2024-02-27	4.41	4.47	4.36	4.46	7169980	33967320.00
2024-02-28	4.47	4.57	4.02	4.06	21002126	96421632.00
2024-02-29	4.03	4.22	3.98	4.22	12986156	57662860.00
2024-03-01	4.21	4.32	4.20	4.31	8711747	39763932.00
2024-03-04	4.34	4.34	4.16	4.30	8548400	38971336.00
2024-03-05	4.28	4.29	4.16	4.18	6830177	30784480.00
2024-03-06	4.18	4.34	4.16	4.30	7959360	36261704.00
2024-03-07	4.29	4.42	4.28	4.33	8571988	39903032.00
2024-03-08	4.32	4.40	4.30	4.35	6989900	32392540.00
2024-03-11	4.34	4.41	4.31	4.40	6444770	30013574.00
2024-03-12	4.42	4.45	4.33	4.45	10086860	47422792.00
2024-03-13	4.44	4.49	4.40	4.45	6765308	32098164.00
2024-03-14	4.46	4.51	4.39	4.45	6513210	30967288.00
2024-03-15	4.45	4.53	4.43	4.53	6574550	31454828.00
2024-03-18	4.53	4.63	4.50	4.63	6782940	33069654.00
2024-03-19	4.63	4.67	4.60	4.65	7818450	38598532.00
2024-03-20	4.64	4.67	4.60	4.67	5183464	25609192.00
2024-03-21	4.67	4.68	4.59	4.65	5578389	27580150.00
2024-03-22	4.66	4.68	4.53	4.59	6916040	33834520.00
2024-03-25	4.56	4.61	4.48	4.48	6774280	32912888.00
2024-03-26	4.52	4.57	4.43	4.54	6543520	31437320.00
2024-03-27	4.54	4.56	4.40	4.41	5333580	25509320.00
2024-03-28	4.41	4.54	4.39	4.47	7064520	33740400.00
2024-03-29	4.47	4.58	4.46	4.57	6276025	30315808.00
2024-04-01	4.63	4.72	4.60	4.71	6611770	32825988.00
2024-04-02	4.69	4.76	4.68	4.75	6724740	33785076.00
2024-04-03	4.73	4.75	4.66	4.72	5737300	28727710.00
2024-04-08	4.76	4.86	4.60	4.61	12617640	63157360.00
2024-04-09	4.60	4.70	4.60	4.69	8115200	40291352.00
2024-04-10	4.69	4.70	4.51	4.57	8192300	40032808.00
2024-04-11	4.52	4.69	4.51	4.65	7241249	35736416.00
2024-04-12	4.68	5.15	4.66	5.15	22322890	119721752.00
2024-04-15	5.24	5.36	4.61	4.77	63806146	333110048.00
2024-04-16	4.60	4.63	4.26	4.26	40558163	189568432.00
2024-04-17	4.49	4.72	4.39	4.72	19618695	96346424.00
2024-04-18	4.80	4.98	4.73	4.88	44832084	231334416.00
2024-04-19	4.78	4.98	4.74	4.94	29776341	153791728.00
2024-04-22	4.88	4.91	4.68	4.71	22147848	112574840.00
2024-04-23	4.68	4.70	4.54	4.56	18467550	90656848.00
2024-04-24	4.54	5.00	4.48	4.78	28318260	143101552.00
2024-04-25	4.63	4.79	4.63	4.75	18216700	91284392.00
2024-04-26	4.73	4.81	4.67	4.78	17886584	90234016.00
2024-04-29	4.84	4.87	4.78	4.86	19429620	99787952.00
2024-04-30	4.82	4.95	4.82	4.89	17555621	91304488.00
2024-05-06	4.97	4.99	4.88	4.97	19505180	102204384.00
2024-05-07	4.94	4.98	4.88	4.92	14339928	74927304.00
2024-05-08	4.90	5.06	4.88	4.92	15019150	78863152.00
2024-05-09	4.92	4.99	4.92	4.98	10990820	57825072.00
2024-05-10	4.97	5.00	4.90	4.96	9747000	51093572.00
2024-05-13	4.93	5.14	4.85	5.07	19589980	104182456.00
2024-05-14	5.05	5.44	5.02	5.25	28943400	159147360.00
2024-05-15	5.31	5.58	5.19	5.20	35396373	199865328.00
2024-05-16	5.22	5.25	5.07	5.10	21492178	116951656.00
2024-05-17	5.13	5.23	5.03	5.21	15822138	85858224.00
2024-05-20	5.21	5.37	5.17	5.36	23349396	130777752.00
2024-05-21	5.30	5.39	5.26	5.29	10642610	59658416.00
2024-05-22	5.30	5.39	5.24	5.29	8952108	50116796.00
2024-05-23	5.25	5.29	5.07	5.10	12622960	68680080.00
2024-05-24	5.07	5.21	5.07	5.11	8065400	43941136.00
2024-05-27	5.15	5.16	4.93	5.12	13353500	71361392.00
2024-05-28	5.10	5.10	4.95	4.98	8583270	45572824.00
2024-05-29	4.95	5.02	4.89	4.93	7822900	41155248.00
2024-05-30	4.88	4.97	4.85	4.88	6443860	33606880.00
2024-05-31	4.88	4.92	4.86	4.91	5280400	27430156.00
2024-06-03	4.93	4.95	4.71	4.77	9204260	47017220.00
2024-06-04	4.76	4.76	4.67	4.72	7554300	37798744.00
2024-06-05	4.72	4.72	4.56	4.56	6841300	33636656.00
2024-06-06	4.55	4.61	4.32	4.38	9877900	46781732.00
2024-06-07	4.42	4.62	4.42	4.60	8874480	42941792.00
2024-06-11	4.58	4.62	4.51	4.60	5587460	27199824.00
2024-06-12	4.59	4.70	4.58	4.69	6061487	30085800.00
2024-06-13	4.71	4.71	4.61	4.61	5403630	26663464.00
2024-06-14	4.62	4.69	4.59	4.68	5501130	26134346.00
2024-06-17	4.66	4.69	4.60	4.61	5260170	24931604.00
2024-06-18	4.62	4.68	4.60	4.66	3597878	17084008.00
2024-06-19	4.68	4.71	4.65	4.66	3105467	14847198.00
2024-06-20	4.65	4.68	4.54	4.56	4577800	21476300.00
2024-06-21	4.54	4.61	4.51	4.54	3050950	14222628.00
2024-06-24	4.54	4.54	4.37	4.39	5480770	24767184.00
2024-06-25	4.35	4.47	4.35	4.38	4723458	21281934.00
2024-06-26	4.38	4.55	4.36	4.55	4957920	22505404.00
2024-06-27	4.53	4.55	4.42	4.43	3430710	15740094.00
2024-06-28	4.42	4.55	4.40	4.48	3723708	17145694.00
2024-07-01	4.49	4.62	4.48	4.61	3758120	17496316.00
2024-07-02	4.60	4.67	4.58	4.63	4127140	19522660.00
2024-07-03	4.60	4.65	4.56	4.57	3732340	17530070.00
2024-07-04	4.58	4.59	4.42	4.42	4299240	19695116.00
2024-07-05	4.42	4.50	4.39	4.49	2884140	13108458.00
2024-07-08	4.48	4.48	4.30	4.33	4526370	20216568.00
2024-07-09	4.32	4.45	4.24	4.44	5050070	22493260.00
2024-07-10	4.43	4.49	4.40	4.42	3690564	16756783.00
2024-07-11	4.48	4.64	4.45	4.64	5534821	25849666.00
2024-07-12	4.64	4.66	4.56	4.59	4185500	19710584.00
2024-07-15	4.60	4.60	4.46	4.49	3599771	16566477.00
2024-07-16	4.48	4.49	4.40	4.45	3556280	16158762.00
2024-07-17	4.42	4.45	4.34	4.36	3149390	14107743.00
2024-07-18	4.33	4.39	4.25	4.38	3837663	16934716.00
2024-07-19	4.37	4.44	4.33	4.38	2883923	12943850.00
2024-07-22	4.38	4.42	4.35	4.40	3422106	15365718.00
2024-07-23	4.40	4.45	4.30	4.31	3735589	16736064.00
2024-07-24	4.31	4.36	4.25	4.29	4136564	18192660.00
2024-07-25	4.27	4.33	4.20	4.26	4688140	20437058.00
2024-07-26	4.32	4.42	4.31	4.42	5937897	26661596.00
2024-07-29	4.42	4.48	4.39	4.43	4472799	20277756.00
2024-07-30	4.43	4.46	4.40	4.44	3000196	13592951.00
2024-07-31	4.45	4.58	4.42	4.57	4425340	20507672.00
2024-08-01	4.57	4.61	4.53	4.55	4085530	19102856.00
2024-08-02	4.55	4.59	4.46	4.48	4477810	20695896.00
2024-08-05	4.45	4.50	4.30	4.34	4853370	21906980.00
2024-08-06	4.35	4.45	4.35	4.41	3126570	14069898.00
2024-08-07	4.39	4.46	4.39	4.42	2370719	10743352.00
2024-08-08	4.42	4.45	4.35	4.42	3105900	13970277.00
2024-08-09	4.44	4.49	4.41	4.41	3344000	15189901.00
2024-08-12	4.41	4.45	4.39	4.40	2660900	12018897.00
2024-08-13	4.40	4.45	4.36	4.45	2214400	9991111.00
2024-08-14	4.44	4.47	4.40	4.42	2252193	10222751.00
2024-08-15	4.41	4.49	4.38	4.45	3292603	14976657.00
2024-08-16	4.47	4.51	4.45	4.47	3026380	13868643.00
2024-08-19	4.47	4.50	4.45	4.48	2795100	12810519.00
2024-08-20	4.48	4.49	4.35	4.38	3470040	15644775.00
2024-08-21	4.39	4.44	4.36	4.43	3061360	13756961.00
2024-08-22	4.41	4.45	4.28	4.29	5088040	22580344.00
2024-08-23	4.30	4.30	4.10	4.16	7638880	32621646.00
2024-08-26	4.17	4.25	4.15	4.25	4525500	19540480.00
2024-08-27	4.26	4.28	4.17	4.20	4942600	21333680.00
2024-08-28	4.21	4.29	4.17	4.24	3130948	13594070.00
2024-08-29	4.21	4.30	4.21	4.28	3382378	14777295.00
2024-08-30	4.28	4.43	4.28	4.37	4992000	22316508.00
2024-09-02	4.38	4.42	4.28	4.30	4659300	20737736.00
2024-09-03	4.26	4.35	4.24	4.32	2856590	12573731.00
2024-09-04	4.29	4.34	4.26	4.27	2547260	11189964.00
2024-09-05	4.28	4.31	4.27	4.29	2512400	11022535.00
2024-09-06	4.30	4.31	4.18	4.18	2962816	12790805.00
2024-09-09	4.18	4.22	4.13	4.15	2981940	12730716.00
2024-09-10	4.17	4.18	4.09	4.18	3080352	13054314.00
2024-09-11	4.15	4.21	4.13	4.14	2473900	10557134.00
2024-09-12	4.14	4.20	4.13	4.16	2501181	10687186.00
2024-09-13	4.16	4.18	4.09	4.09	2461200	10391181.00
2024-09-18	4.09	4.11	4.00	4.08	3004282	12476942.00
2024-09-19	4.10	4.22	4.09	4.21	3728740	15933309.00
2024-09-20	4.21	4.22	4.14	4.17	2453929	10496367.00
2024-09-23	4.17	4.19	4.12	4.15	2584009	10985514.00
2024-09-24	4.14	4.30	4.14	4.30	5708429	24775104.00
2024-09-25	4.30	4.39	4.28	4.29	10023120	44452116.00
2024-09-26	4.28	4.40	4.26	4.39	8328965	36935772.00
2024-09-27	4.47	4.55	4.42	4.52	5563540	25482280.00
2024-09-30	4.70	4.98	4.62	4.98	25295876	125123160.00
2024-10-08	5.49	5.49	5.04	5.27	27936851	151291968.00
2024-10-09	5.19	5.19	4.86	4.86	16791433	85831312.00
2024-10-10	4.87	5.01	4.76	4.88	11469084	57429332.00
2024-10-11	4.87	4.93	4.70	4.76	8360358	40819780.00
2024-10-14	4.77	4.82	4.70	4.80	6431560	31406652.00
2024-10-15	4.78	4.83	4.71	4.72	7836882	38170072.00
2024-10-16	4.74	4.77	4.66	4.75	4478410	21612892.00
2024-10-17	4.80	4.92	4.68	4.69	7430450	36219800.00
2024-10-18	4.69	4.81	4.65	4.77	9280052	44894172.00
2024-10-21	4.77	4.77	4.68	4.73	8727898	42142776.00
2024-10-22	4.72	4.79	4.70	4.77	7702140	37365048.00
2024-10-23	4.75	4.82	4.75	4.78	9284688	45273688.00
2024-10-24	4.89	4.96	4.80	4.88	14059370	69983120.00
2024-10-25	4.85	4.92	4.84	4.91	10039488	50080356.00
2024-10-28	4.88	5.00	4.84	5.00	16175110	81183296.00
2024-10-29	5.05	5.26	4.98	5.09	25368966	131908000.00
2024-10-30	5.02	5.11	4.95	5.04	13712801	70344216.00
2024-10-31	5.00	5.33	5.00	5.18	22515375	117815040.00
2024-11-01	5.14	5.16	4.97	4.99	12353479	63512324.00
2024-11-04	4.96	5.03	4.96	5.01	6255621	31875102.00
2024-11-05	5.00	5.11	4.98	5.10	10870081	56059408.00
2024-11-06	5.13	5.16	5.03	5.09	13268356	68872392.00
2024-11-07	5.04	5.31	5.03	5.29	18400101	97563248.00
2024-11-08	5.33	5.37	5.15	5.18	14371486	76466344.00
2024-11-11	5.16	5.27	5.12	5.26	11245530	59455876.00
2024-11-12	5.23	5.30	5.18	5.22	10988667	58660592.00
2024-11-13	5.23	5.27	5.13	5.23	7923400	41928672.00
2024-11-14	5.21	5.25	5.07	5.08	7108620	37384644.00
2024-11-15	5.08	5.17	5.02	5.05	6860431	35697508.00
2024-11-18	5.05	5.11	4.93	4.98	7133980	36597540.00
2024-11-19	4.98	5.08	4.97	5.07	6373771	32674150.00
2024-11-20	5.08	5.16	5.06	5.15	6890773	35893432.00
2024-11-21	5.20	5.23	5.12	5.19	7309760	38599672.00
2024-11-22	5.19	5.22	4.99	5.01	8480800	44365040.00
2024-11-25	5.02	5.10	4.97	5.10	7473680	38451924.00
2024-11-26	5.10	5.20	5.06	5.17	9302540	48908736.00
2024-11-27	5.17	5.32	4.99	5.22	14654400	77085752.00
2024-11-28	5.22	5.26	5.14	5.17	11738940	62381532.00
2024-11-29	5.17	5.24	5.13	5.22	10301249	54686776.00
2024-12-02	5.25	5.31	5.24	5.30	11307453	60814720.00
2024-12-03	5.30	5.38	5.27	5.32	10496200	56925524.00
2024-12-04	5.31	5.35	5.23	5.25	12840079	69239824.00
2024-12-05	5.26	5.40	5.24	5.37	13232240	71794312.00
2024-12-06	5.39	5.42	5.31	5.41	10749410	58790784.00
2024-12-09	5.43	5.45	5.33	5.41	8808800	48538548.00
2024-12-10	5.52	5.56	5.36	5.37	11249150	62122660.00
2024-12-11	5.39	5.48	5.35	5.46	8578870	47393652.00
2024-12-12	5.44	5.64	5.44	5.57	17366320	98362544.00
2024-12-13	5.58	5.61	5.44	5.45	11119740	62458536.00
2024-12-16	5.45	5.54	5.39	5.44	9703486	54075164.00
2024-12-17	5.44	5.47	5.10	5.16	12165250	64824852.00
2024-12-18	5.16	5.19	5.05	5.10	9805660	51231456.00
2024-12-19	5.08	5.09	4.97	5.08	8697686	44624980.00
2024-12-20	5.07	5.19	5.05	5.15	6850220	35941912.00
2024-12-23	5.15	5.15	4.83	4.84	11706900	59036156.00
2024-12-24	4.89	4.94	4.83	4.91	7045711	35134940.00
2024-12-25	4.92	4.92	4.76	4.82	7998760	39297688.00
2024-12-26	4.82	4.92	4.79	4.87	6108099	30371304.00
2024-12-27	4.88	4.98	4.83	4.95	6337139	31855628.00
2024-12-30	4.96	4.96	4.83	4.90	4893520	24494892.00
2024-12-31	4.89	4.93	4.71	4.73	12993080	63616352.00
2025-01-02	4.76	5.21	4.71	5.09	53724693	279551008.00
2025-01-03	4.93	4.98	4.68	4.78	43191516	212302688.00
2025-01-06	4.66	4.72	4.40	4.57	22131623	103735664.00
2025-01-07	4.58	4.67	4.52	4.65	12522687	58892772.00
2025-01-08	4.63	4.67	4.47	4.62	11015400	51463216.00
2025-01-09	4.56	4.65	4.53	4.56	8036040	37661272.00
2025-01-10	4.59	4.59	4.35	4.36	11918100	54234348.00
2025-01-13	4.31	4.40	4.22	4.37	6970700	30855018.00
2025-01-14	4.37	4.55	4.37	4.55	8015300	36806032.00
2025-01-15	4.54	4.59	4.51	4.57	7216600	33620788.00
2025-01-16	4.59	4.66	4.54	4.59	6399100	30127212.00
2025-01-17	4.55	4.60	4.53	4.57	4527200	21127012.00
2025-01-20	4.65	4.76	4.57	4.72	10685278	51249444.00
2025-01-21	4.73	4.75	4.63	4.69	5749800	27486876.00
2025-01-22	4.70	4.70	4.60	4.61	5112000	24202054.00
2025-01-23	4.68	4.73	4.62	4.63	5200000	24859444.00
2025-01-24	4.61	4.67	4.58	4.65	4829220	22813348.00
2025-01-27	4.65	4.75	4.64	4.66	5191560	24886168.00
2025-02-05	4.69	4.71	4.65	4.68	5149000	24615424.00
2025-02-06	4.70	4.84	4.65	4.83	8075220	39209972.00
2025-02-07	4.83	4.86	4.75	4.80	10252400	50327728.00
2025-02-10	4.83	4.87	4.80	4.86	7076702	34911848.00
2025-02-11	4.89	4.89	4.83	4.85	5056140	25048572.00
2025-02-12	4.87	4.89	4.81	4.86	4873320	24111572.00
2025-02-13	4.85	4.86	4.78	4.79	5070060	24920604.00
2025-02-14	4.78	4.82	4.77	4.80	5161919	25248958.00
2025-02-17	4.81	4.91	4.81	4.87	7044220	34969320.00
2025-02-18	4.84	4.89	4.75	4.77	5350929	26366116.00
2025-02-19	4.73	4.89	4.73	4.89	6037059	29810696.00
2025-02-20	4.89	5.13	4.88	5.03	13726969	70248840.00
2025-02-21	5.04	5.08	4.96	5.02	7709179	39393336.00
2025-02-24	5.03	5.11	4.98	5.06	7660854	39474056.00
2025-02-25	5.07	5.29	5.02	5.29	24975320	132522080.00
2025-02-26	5.37	5.59	5.29	5.34	36993390	202555056.00
2025-02-27	5.60	5.88	5.56	5.88	99112658	586136768.00
2025-02-28	5.77	5.87	5.45	5.51	72613387	415357792.00
2025-03-03	5.64	5.69	5.03	5.04	62530356	332769088.00
2025-03-04	5.01	5.19	5.01	5.10	34299884	177733552.00
2025-03-05	5.04	5.07	4.92	4.97	26700460	135323232.00
2025-03-06	4.99	5.08	4.95	5.07	20900900	107255528.00
2025-03-07	5.59	5.59	5.59	5.59	12689980	72205984.00
2025-03-10	5.66	5.66	5.40	5.49	50201738	281257024.00
2025-03-11	5.40	5.50	5.38	5.50	25439206	141152128.00
2025-03-12	5.51	5.51	5.43	5.43	20783180	115295408.00
2025-03-13	5.42	5.44	5.27	5.36	18134806	98806552.00
2025-03-14	5.39	5.39	5.30	5.39	14745880	80443360.00
2025-03-17	5.39	5.45	5.37	5.43	16252100	89756624.00
2025-03-18	5.44	5.49	5.39	5.48	15874340	87924240.00
2025-03-19	5.48	5.54	5.45	5.50	12462242	69679864.00
2025-03-20	5.50	5.57	5.45	5.52	13793640	77471768.00
2025-03-21	5.50	5.51	5.40	5.44	12593700	69822432.00
2025-03-24	5.43	5.47	5.21	5.31	12058000	65442296.00
2025-03-25	5.32	5.35	5.26	5.32	7363700	39766280.00
2025-03-26	5.33	5.56	5.28	5.52	18882220	104979344.00
2025-03-27	5.59	5.62	5.44	5.45	17894400	100365128.00
2025-03-28	5.45	5.51	5.34	5.35	10600000	58387184.00
2025-03-31	5.30	5.36	5.16	5.27	11804900	63056800.00
2025-04-01	5.24	5.36	5.24	5.29	7558500	40934736.00
2025-04-02	5.31	5.41	5.25	5.31	10040300	54520496.00
2025-04-03	5.23	5.32	5.19	5.25	8577360	45899868.00
2025-04-07	4.83	4.90	4.72	4.72	9980100	48445168.00
2025-04-08	4.62	4.70	4.34	4.43	20187880	92404408.00
2025-04-09	4.35	4.52	4.11	4.49	15016664	66521948.00
2025-04-10	4.54	4.69	4.54	4.62	11554274	54745572.00
2025-04-11	4.55	4.67	4.55	4.63	9113362	43119144.00
2025-04-14	4.67	4.79	4.66	4.72	8868241	42912952.00
2025-04-15	4.72	4.77	4.66	4.74	6257010	30182502.00
2025-04-16	4.75	4.80	4.60	4.75	9264599	44617940.00
2025-04-17	4.89	5.24	4.89	4.98	27676394	141759936.00
2025-04-18	4.96	5.13	4.91	5.08	24734272	127084824.00
2025-04-21	5.03	5.07	4.96	5.03	16422966	84152560.00
2025-04-22	4.98	5.03	4.95	5.01	10137055	51597004.00
2025-04-23	5.05	5.52	5.03	5.52	35671429	195981360.00
2025-04-24	6.08	6.08	6.08	6.08	9027960	55792792.00
2025-04-25	6.70	6.70	6.70	6.70	6854792	46612584.00
2025-04-28	7.38	7.38	7.38	7.38	6370650	47652464.00
2025-04-29	8.01	8.02	7.06	7.38	191291175	1487703680.00
2025-04-30	6.63	7.30	6.63	6.63	140455796	973959040.00
2025-05-06	6.19	6.45	6.13	6.23	117633961	744022848.00
2025-05-07	6.27	6.86	6.27	6.77	151575169	1026531328.00
2025-05-08	6.54	6.87	6.35	6.59	113207215	764929536.00
2025-05-09	6.72	7.03	6.56	6.60	98066132	675745408.00
2025-05-12	6.60	6.72	6.38	6.51	79995501	528073664.00
2025-05-13	6.60	6.64	6.24	6.27	75315670	489581088.00
2025-05-14	6.22	6.39	6.20	6.32	50908878	325211872.00
2025-05-15	6.35	6.57	6.12	6.43	79052360	512311712.00
2025-05-16	6.34	6.78	6.26	6.66	83475475	558295168.00
2025-05-19	6.60	6.61	6.35	6.52	49824103	328022016.00
2025-05-20	6.56	6.65	6.36	6.43	48388530	318563040.00
2025-05-21	6.37	6.39	6.18	6.18	52613500	333578656.00
2025-05-22	6.16	6.81	6.14	6.81	59285289	400116576.00
2025-05-23	6.90	7.49	6.90	7.08	143657180	1036725248.00
2025-05-26	7.00	7.25	6.90	7.09	86599576	616571840.00
2025-05-27	7.06	7.81	6.92	7.81	124233208	932279808.00
2025-05-28	7.70	7.81	7.29	7.31	104620143	792209984.00
2025-05-29	7.15	7.27	6.99	7.04	77250928	556270912.00
2025-05-30	6.95	7.02	6.56	6.78	65717680	449003744.00
2025-06-03	6.77	7.18	6.73	6.97	49299169	343916992.00
2025-06-04	6.96	7.04	6.88	6.92	35841140	248080544.00
2025-06-05	6.94	6.95	6.77	6.82	34015162	232672688.00
2025-06-06	6.84	6.88	6.66	6.71	31956000	215396784.00
2025-06-09	6.78	7.38	6.78	7.38	34657622	251736224.00
2025-06-10	7.56	7.89	7.23	7.48	107274189	798664192.00
2025-06-11	7.48	7.59	7.30	7.36	54952780	405359616.00
2025-06-12	7.30	7.45	7.26	7.41	46750767	343644896.00
2025-06-13	7.27	7.30	6.93	6.94	49924167	352845024.00
2025-06-16	6.90	6.96	6.79	6.92	31124190	214040048.00
2025-06-17	6.98	6.99	6.70	6.79	31604180	214448688.00
2025-06-18	6.81	6.81	6.49	6.56	35415000	233251216.00
2025-06-19	6.50	6.61	6.36	6.37	28639260	184646912.00
2025-06-20	6.36	6.45	6.20	6.28	24077420	151455200.00
2025-06-23	6.19	6.32	6.16	6.31	18055080	113292400.00
2025-06-24	6.31	6.53	6.30	6.50	33105900	213914208.00
2025-06-25	6.48	6.55	6.37	6.48	28717086	184709984.00
2025-06-26	6.47	6.51	6.37	6.37	28535600	183336960.00
2025-06-27	6.35	6.41	6.33	6.36	18638620	118649776.00
2025-06-30	6.34	6.55	6.34	6.50	27450327	177738224.00
2025-07-01	6.50	6.57	6.43	6.52	24535955	159589312.00
2025-07-02	6.50	6.65	6.45	6.58	30348268	198617664.00
2025-07-03	6.60	6.60	6.44	6.51	20331343	132209320.00
2025-07-04	6.51	6.54	6.40	6.42	20385900	131218288.00
2025-07-07	6.66	6.82	6.58	6.79	49646623	331228704.00
2025-07-08	6.98	7.40	6.86	7.07	73302154	520105536.00
2025-07-09	7.07	7.11	6.74	6.80	51910695	357737280.00
2025-07-10	6.72	7.25	6.64	7.10	61176498	422821056.00
2025-07-11	7.01	7.05	6.83	6.88	35214825	242907840.00
2025-07-14	6.86	6.90	6.82	6.86	18016200	123609752.00
2025-07-15	6.83	6.86	6.66	6.71	20295659	136670112.00
2025-07-16	6.73	6.83	6.70	6.75	15748641	106526984.00
2025-07-17	6.75	6.83	6.67	6.80	17009820	114826664.00
2025-07-18	6.79	6.80	6.68	6.75	13943800	93788728.00
2025-07-21	6.74	7.08	6.73	7.02	41480032	288853888.00
2025-07-22	6.98	7.01	6.81	6.88	27193852	186863920.00
2025-07-23	6.89	6.89	6.74	6.75	19032300	129553152.00
2025-07-24	6.74	6.82	6.74	6.79	12172700	82542504.00
2025-07-25	6.79	6.79	6.68	6.70	15801492	106130504.00
2025-07-28	6.72	6.74	6.68	6.71	10923822	73172376.00
2025-07-29	6.71	6.71	6.55	6.61	15783916	104171056.00
2025-07-30	6.61	6.61	6.48	6.53	12506959	81866528.00
2025-07-31	6.53	6.62	6.50	6.51	10317910	67500144.00
2025-08-01	6.49	6.53	6.47	6.52	7738958	50366352.00
2025-08-04	6.47	6.60	6.42	6.60	9314018	60972472.00
2025-08-05	6.58	6.64	6.58	6.63	9260740	61272376.00
2025-08-06	6.62	6.75	6.60	6.73	17633620	118296576.00
2025-08-07	6.76	7.15	6.73	7.01	58013769	404260992.00
2025-08-08	6.94	6.98	6.83	6.97	28480989	196847792.00
2025-08-11	6.97	7.10	6.94	7.07	24105152	169889328.00
2025-08-12	7.07	7.09	6.97	6.98	15494159	108588784.00
2025-08-13	7.00	7.03	6.93	7.00	16371480	114254568.00
2025-08-14	7.01	7.02	6.82	6.83	15512129	106908208.00
2025-08-15	6.82	6.94	6.81	6.91	14611842	100808328.00
2025-08-18	7.00	7.24	7.00	7.17	29135296	208430080.00
2025-08-19	7.18	7.68	7.11	7.38	47185676	347348416.00
2025-08-20	7.38	7.47	7.33	7.43	25620810	189231920.00
2025-08-21	7.41	7.45	7.31	7.34	20119510	148189056.00
2025-08-22	7.40	7.40	7.02	7.08	39891660	284148224.00
2025-08-25	7.10	7.12	6.94	6.99	31873953	223707104.00
2025-08-26	7.00	7.09	6.94	7.07	22211961	156397232.00
2025-08-27	7.07	7.22	6.89	6.90	37483822	264769792.00
2025-08-28	6.94	7.01	6.59	6.86	26702596	181794400.00
2025-08-29	6.86	6.87	6.76	6.79	13397020	91057616.00
2025-09-01	6.79	6.88	6.75	6.83	13982980	95532104.00
2025-09-02	6.85	6.88	6.59	6.79	24969916	168434480.00
2025-09-03	6.82	6.84	6.55	6.57	16088120	107118120.00
2025-09-04	6.59	6.73	6.57	6.64	15168234	100993784.00
2025-09-05	6.70	6.83	6.59	6.83	16338312	110057704.00
2025-09-08	6.87	7.04	6.80	7.00	20165264	140551152.00
2025-09-09	7.00	7.00	6.89	6.92	13219180	91623464.00
2025-09-10	6.94	6.94	6.83	6.88	10556799	72565120.00
2025-09-11	6.88	6.95	6.76	6.95	12114350	83150184.00
2025-09-12	6.96	6.96	6.80	6.81	14654000	100220216.00
2025-09-15	6.83	6.85	6.74	6.76	9287700	62937280.00
2025-09-16	6.78	7.26	6.77	7.16	53983828	383264480.00
2025-09-17	7.27	7.53	7.20	7.30	60978619	446882688.00
2025-09-18	7.30	7.39	7.10	7.16	45699843	332469536.00
2025-09-19	7.12	7.17	6.96	7.00	19882790	140095712.00
2025-09-22	7.00	7.10	6.91	7.00	19915633	138912240.00
2025-09-23	7.05	7.30	6.79	7.21	52400715	371967232.00
2025-09-24	7.23	7.25	7.06	7.25	33977899	244267632.00
2025-09-25	7.21	7.55	7.17	7.28	36175890	265715376.00
2025-09-26	7.25	7.76	7.18	7.61	63179503	475440576.00
2025-09-29	7.58	7.70	7.40	7.52	44219470	331422944.00
2025-09-30	7.47	7.52	7.30	7.42	29746973	220951056.00
2025-10-23	8.51	8.51	8.51	8.51	0	0.00
数据来源:通达信
