605188 国光连锁 日线 前复权
      日期	    开盘	    最高	    最低	    收盘	    成交量	    成交额
2020-07-28	5.45	6.57	5.45	6.57	229143	1531114.00
2020-07-29	7.24	7.24	7.24	7.24	47087	347031.00
2020-07-30	7.98	7.98	7.98	7.98	48746	395330.00
2020-07-31	8.79	8.79	8.79	8.79	176778	1576860.00
2020-08-03	9.68	9.68	9.68	9.68	296071	2904457.00
2020-08-04	10.66	10.66	10.66	10.66	195582	2110330.00
2020-08-05	11.74	11.74	11.74	11.74	124658	1479690.00
2020-08-06	12.93	12.93	12.93	12.93	224746	2935183.00
2020-08-07	14.24	14.24	14.24	14.24	2771565	39827388.00
2020-08-10	15.68	15.68	15.68	15.68	2874257	45442004.00
2020-08-11	17.26	17.26	16.77	17.26	11605075	201678640.00
2020-08-12	17.60	17.60	15.75	16.43	31942820	533280992.00
2020-08-13	15.90	16.23	14.77	14.77	23415198	361680832.00
2020-08-14	14.38	14.64	14.10	14.24	16066318	232170944.00
2020-08-17	14.07	14.55	14.07	14.33	11753097	170303728.00
2020-08-18	14.21	14.42	13.77	14.04	15794680	223294304.00
2020-08-19	13.99	14.22	13.77	14.08	10076713	142593728.00
2020-08-20	13.97	13.97	13.50	13.59	8608084	119037200.00
2020-08-21	13.65	13.83	13.56	13.58	6545211	90312072.00
2020-08-24	13.52	13.70	13.29	13.47	5597711	75993312.00
2020-08-25	13.57	14.08	13.43	13.90	10840264	151035664.00
2020-08-26	14.02	14.03	13.42	13.57	7698617	106553872.00
2020-08-27	13.66	13.89	13.57	13.73	5659181	78341952.00
2020-08-28	13.66	13.66	13.23	13.39	7095221	96033424.00
2020-08-31	13.39	13.48	13.24	13.27	4730066	63761668.00
2020-09-01	13.23	13.34	13.13	13.25	3803627	50750640.00
2020-09-02	13.25	13.30	12.87	12.90	5677211	74724768.00
2020-09-03	12.85	13.04	12.61	12.65	4393292	56872048.00
2020-09-04	12.52	12.68	12.47	12.65	2679119	34025012.00
2020-09-07	12.54	12.72	12.47	12.49	2985200	37985120.00
2020-09-08	12.49	12.53	12.17	12.25	3715379	46222752.00
2020-09-09	12.16	12.17	11.78	11.79	3746748	45284724.00
2020-09-10	11.92	12.00	11.60	11.65	3118824	37372868.00
2020-09-11	11.57	11.96	11.40	11.83	2628427	30992098.00
2020-09-14	11.87	12.23	11.82	12.18	3224489	39392936.00
2020-09-15	12.20	12.29	12.07	12.24	2046909	25212324.00
2020-09-16	12.29	12.50	12.15	12.31	3530039	44053668.00
2020-09-17	12.23	12.45	12.06	12.40	3112352	38508968.00
2020-09-18	12.27	12.66	12.26	12.39	2958078	37252160.00
2020-09-21	12.41	12.41	12.17	12.17	1925140	23861512.00
2020-09-22	12.15	12.53	12.02	12.22	2534193	31425200.00
2020-09-23	12.29	12.78	12.29	12.52	5643303	71945488.00
2020-09-24	12.41	12.45	12.04	12.08	3943409	48745360.00
2020-09-25	12.23	12.52	11.80	11.85	3470100	42476748.00
2020-09-28	11.82	11.95	11.33	11.33	3350374	39188192.00
2020-09-29	11.32	11.50	11.27	11.50	1673183	19269096.00
2020-09-30	11.44	11.62	11.37	11.46	1698010	19766084.00
2020-10-09	11.55	11.75	11.48	11.70	1701004	20017192.00
2020-10-12	11.71	12.18	11.68	12.15	2902864	35161880.00
2020-10-13	12.08	12.14	11.99	12.13	1729043	21075928.00
2020-10-14	12.01	12.27	12.00	12.10	1397409	17089922.00
2020-10-15	12.14	12.26	11.72	11.77	1871538	22580544.00
2020-10-16	11.86	11.87	11.69	11.74	896330	10661466.00
2020-10-19	11.84	11.85	11.56	11.58	1397984	16498243.00
2020-10-20	11.66	11.76	11.55	11.74	1122391	13239315.00
2020-10-21	11.73	11.88	11.63	11.83	1428718	17021526.00
2020-10-22	11.82	11.86	11.57	11.75	1719712	20375528.00
2020-10-23	11.87	12.33	11.72	11.82	5550432	67352376.00
2020-10-26	11.82	11.82	11.38	11.56	4157500	48494720.00
2020-10-27	11.44	11.66	11.43	11.52	1741488	20286312.00
2020-10-28	11.48	11.61	11.38	11.39	2068868	23977716.00
2020-10-29	11.32	11.37	11.17	11.20	2267009	25797536.00
2020-10-30	11.19	11.24	10.64	10.67	2726047	30309848.00
2020-11-02	10.74	10.76	10.56	10.66	1569054	16905028.00
2020-11-03	10.61	11.74	10.61	11.35	9754733	113053536.00
2020-11-04	11.26	11.43	10.97	10.97	7527682	84566096.00
2020-11-05	11.10	11.33	11.01	11.15	3324893	37599952.00
2020-11-06	11.14	11.42	11.07	11.26	3202088	36433500.00
2020-11-09	11.42	11.47	11.27	11.33	2903891	33379900.00
2020-11-10	11.34	11.59	11.27	11.47	3544028	40860464.00
2020-11-11	11.47	11.84	11.20	11.76	6998481	82392968.00
2020-11-12	11.74	11.84	11.52	11.64	2984558	35099260.00
2020-11-13	11.72	11.81	11.47	11.70	2583849	30466652.00
2020-11-16	11.69	11.91	11.65	11.89	3764927	44940328.00
2020-11-17	11.81	11.99	11.57	11.70	3390200	40322728.00
2020-11-18	11.76	11.84	11.63	11.80	2388100	28346536.00
2020-11-19	11.79	11.93	11.71	11.86	2184649	26146070.00
2020-11-20	11.82	11.86	11.63	11.70	2028537	24065538.00
2020-11-23	11.70	11.70	11.53	11.58	2072189	24287368.00
2020-11-24	11.58	11.60	11.48	11.51	1010803	11773558.00
2020-11-25	11.56	11.61	11.23	11.31	1820712	21053932.00
2020-11-26	11.37	11.42	11.09	11.16	2144217	24314100.00
2020-11-27	11.25	11.28	11.04	11.17	1991895	22448160.00
2020-11-30	11.22	11.41	11.10	11.24	2316192	26406316.00
2020-12-01	11.22	11.95	11.22	11.92	7266492	85891856.00
2020-12-02	11.80	12.13	11.72	11.86	5920911	71423768.00
2020-12-03	11.94	12.19	11.79	12.12	5684103	69256232.00
2020-12-04	12.03	12.07	11.75	11.78	3346190	40201760.00
2020-12-07	11.67	12.26	11.67	12.26	6418130	78536544.00
2020-12-08	12.05	12.11	11.85	11.95	4594400	55602412.00
2020-12-09	11.86	12.16	11.80	12.00	3478621	42155860.00
2020-12-10	11.88	11.97	11.30	11.39	5343800	62643796.00
2020-12-11	11.40	11.59	10.89	10.96	3817803	43102124.00
2020-12-14	10.89	11.09	10.78	11.04	1787889	19785448.00
2020-12-15	10.98	11.18	10.89	11.06	1470000	16421370.00
2020-12-16	11.02	11.04	10.69	10.71	1948467	21380076.00
2020-12-17	10.65	10.79	9.75	10.72	2360491	25279820.00
2020-12-18	10.71	10.71	10.25	10.28	2292302	24195396.00
2020-12-21	10.27	10.32	10.17	10.17	1631900	16910936.00
2020-12-22	10.24	10.25	9.91	9.94	1565200	15973364.00
2020-12-23	9.98	10.06	9.87	9.90	1186967	11962819.00
2020-12-24	9.95	9.95	9.58	9.67	2215350	21845698.00
2020-12-25	9.69	10.33	9.59	10.08	2834537	28801272.00
2020-12-28	9.97	10.07	9.65	9.68	2054940	20415400.00
2020-12-29	9.67	9.92	9.60	9.68	1314200	12961105.00
2020-12-30	9.73	9.94	9.65	9.84	1411276	13986356.00
2020-12-31	9.83	9.95	9.80	9.84	1037403	10374715.00
2021-01-04	9.84	9.98	9.77	9.83	1775503	17715024.00
2021-01-05	9.82	9.85	9.68	9.69	1411003	13924580.00
2021-01-06	9.72	9.75	9.41	9.42	1990806	19211530.00
2021-01-07	9.42	9.42	8.85	8.92	3201100	29348116.00
2021-01-08	8.87	9.09	8.63	8.75	2307506	20680096.00
2021-01-11	8.75	8.78	8.31	8.45	2634174	22721340.00
2021-01-12	8.45	8.67	8.37	8.45	1550589	13385159.00
2021-01-13	8.43	8.43	8.15	8.18	2023738	16951676.00
2021-01-14	8.21	8.40	8.14	8.19	2338003	19605232.00
2021-01-15	8.16	8.66	8.16	8.64	3928806	33877668.00
2021-01-18	8.54	8.87	8.53	8.69	2268904	20081396.00
2021-01-19	8.77	8.81	8.67	8.76	1043196	9257584.00
2021-01-20	8.76	9.27	8.70	9.06	5264829	48314908.00
2021-01-21	8.93	9.14	8.85	8.88	3065400	27941300.00
2021-01-22	8.87	9.78	8.85	9.78	9208978	89063968.00
2021-01-25	9.97	10.50	9.23	9.57	12944160	129416216.00
2021-01-26	9.45	9.93	8.97	9.57	8655082	82276392.00
2021-01-27	9.57	9.58	8.99	9.23	6375662	59749148.00
2021-01-28	9.17	9.33	8.85	8.86	5321948	48708680.00
2021-01-29	8.98	8.98	8.62	8.67	4106115	36510784.00
2021-02-01	8.67	9.01	8.65	8.92	3043378	27309896.00
2021-02-02	8.93	8.98	8.75	8.83	2087203	18757016.00
2021-02-03	8.69	8.88	8.60	8.82	2968900	26316204.00
2021-02-04	8.82	8.82	8.57	8.59	2219503	19524156.00
2021-02-05	8.67	8.99	8.57	8.76	3698395	33185440.00
2021-02-08	8.86	9.03	8.60	8.68	3130103	27845764.00
2021-02-09	8.58	8.67	8.50	8.59	2379187	20702712.00
2021-02-10	8.58	8.69	8.49	8.49	2010481	17457660.00
2021-02-18	8.51	8.85	8.51	8.74	2286592	20202184.00
2021-02-19	8.73	9.01	8.65	9.01	3188889	28770840.00
2021-02-22	9.01	9.23	8.97	9.00	3437500	31674106.00
2021-02-23	8.88	8.99	8.80	8.93	2137756	19272760.00
2021-02-24	8.93	9.08	8.88	8.94	1720800	15669034.00
2021-02-25	8.94	9.07	8.68	8.70	2346400	20988636.00
2021-02-26	8.62	8.78	8.52	8.72	1251500	11041594.00
2021-03-01	8.74	9.04	8.74	9.01	2492900	22605512.00
2021-03-02	9.04	9.16	8.88	8.92	2191103	20046378.00
2021-03-03	8.90	9.02	8.90	8.98	1425700	12970935.00
2021-03-04	8.98	9.09	8.85	8.90	1712500	15578396.00
2021-03-05	8.83	9.00	8.82	8.97	1764189	15979787.00
2021-03-08	9.02	9.11	8.92	8.97	1719400	15703138.00
2021-03-09	8.98	9.00	8.62	8.70	1834700	16333015.00
2021-03-10	8.71	8.77	8.53	8.63	2091200	18331356.00
2021-03-11	8.63	8.89	8.60	8.72	2015200	17877796.00
2021-03-12	8.70	8.74	8.60	8.62	1437400	12631895.00
2021-03-15	8.59	8.69	8.56	8.57	1042292	9106886.00
2021-03-16	8.63	8.80	8.59	8.74	2439508	21596744.00
2021-03-17	8.76	8.87	8.69	8.81	1954525	17457740.00
2021-03-18	8.87	8.97	8.82	8.88	2132400	19200464.00
2021-03-19	8.80	9.30	8.80	9.08	5280600	48714548.00
2021-03-22	9.11	9.44	9.11	9.30	4052200	38125052.00
2021-03-23	9.25	9.31	8.95	8.99	3251100	30002192.00
2021-03-24	8.98	9.11	8.93	9.04	2315678	21196880.00
2021-03-25	9.07	9.29	9.04	9.11	3070900	28512308.00
2021-03-26	8.99	9.60	8.98	9.43	5682715	53800796.00
2021-03-29	9.34	9.75	9.15	9.72	6706300	64276308.00
2021-03-30	9.59	9.67	9.26	9.45	6600800	63012248.00
2021-03-31	9.72	10.41	9.70	10.41	4214600	43608784.00
2021-04-01	10.57	11.13	9.75	9.79	13753534	143377616.00
2021-04-02	9.54	9.94	9.41	9.61	8157228	79579536.00
2021-04-06	9.55	10.05	9.55	9.83	5824265	58058420.00
2021-04-07	9.92	10.83	9.75	10.83	8360201	87425936.00
2021-04-08	11.16	11.49	10.31	10.41	14339477	156946624.00
2021-04-09	10.52	11.46	10.38	11.46	11169217	125620576.00
2021-04-12	12.62	12.62	12.62	12.62	4808846	61312788.00
2021-04-13	13.00	13.90	12.48	13.90	32805319	445890240.00
2021-04-14	13.67	15.30	12.52	13.42	41670878	597178880.00
2021-04-15	12.07	12.27	12.07	12.07	12375178	151034880.00
2021-04-16	11.13	11.42	10.85	10.85	28549668	317457920.00
2021-04-19	10.65	10.87	10.55	10.72	16565256	179210752.00
2021-04-20	10.63	10.83	10.41	10.50	14242661	153262144.00
2021-04-21	10.41	10.70	10.33	10.44	10336836	110029552.00
2021-04-22	10.43	10.48	10.16	10.24	9353821	97210008.00
2021-04-23	10.19	10.24	9.72	9.83	8897615	89378328.00
2021-04-26	9.81	9.89	9.66	9.71	4820700	47796320.00
2021-04-27	9.68	9.80	9.65	9.74	4240849	41734704.00
2021-04-28	9.68	9.71	9.42	9.50	4698300	45328104.00
2021-04-29	9.50	9.57	9.35	9.37	3990700	38312528.00
2021-04-30	9.37	9.38	9.05	9.22	4907988	45741276.00
2021-05-06	9.24	9.35	9.19	9.22	2848403	26763414.00
2021-05-07	9.27	9.31	9.09	9.14	2804713	26146506.00
2021-05-10	9.20	9.20	9.04	9.17	2950278	27275640.00
2021-05-11	9.16	9.30	9.10	9.28	3292600	30830258.00
2021-05-12	9.52	9.83	9.39	9.46	8539591	83036272.00
2021-05-13	9.33	9.35	9.15	9.18	4817303	45162452.00
2021-05-14	9.18	9.26	9.15	9.18	3005803	28058732.00
2021-05-17	9.18	9.21	8.83	8.85	4399700	39802012.00
2021-05-18	8.85	9.06	8.80	9.04	2648200	24038678.00
2021-05-19	9.04	9.07	8.89	8.94	2450500	22287600.00
2021-05-20	8.90	9.16	8.85	9.08	3708200	33854568.00
2021-05-21	9.13	9.30	9.03	9.05	4361487	40489376.00
2021-05-24	9.05	9.06	8.96	9.01	2250145	20548694.00
2021-05-25	9.03	9.17	8.88	9.16	3010000	27660192.00
2021-05-26	9.12	9.47	9.12	9.32	5523711	52181580.00
2021-05-27	9.32	9.76	9.32	9.57	8174406	79183680.00
2021-05-28	9.61	9.84	9.41	9.47	6138769	59708376.00
2021-05-31	9.44	9.58	9.29	9.49	3845080	36831808.00
2021-06-01	9.55	9.67	9.37	9.67	5192020	50134104.00
2021-06-02	9.73	10.01	9.52	9.66	6942999	68594608.00
2021-06-03	9.55	9.96	9.50	9.92	9359189	92956352.00
2021-06-04	9.89	9.89	9.56	9.65	5949800	58403156.00
2021-06-07	9.64	9.70	9.41	9.46	3874400	37283496.00
2021-06-08	9.51	9.51	9.34	9.36	2468924	23477300.00
2021-06-09	9.36	9.44	9.23	9.27	2614700	24762642.00
2021-06-10	9.26	9.26	9.11	9.11	3058803	28428848.00
2021-06-11	9.14	9.25	9.06	9.07	2869403	26668700.00
2021-06-15	9.09	9.14	8.92	8.95	2271000	20722320.00
2021-06-16	8.97	9.01	8.92	8.98	1385878	12604022.00
2021-06-17	9.03	9.07	8.98	9.03	1324489	12122623.00
2021-06-18	9.07	9.07	8.98	9.02	1355886	12393168.00
2021-06-21	8.98	9.05	8.93	9.03	1251499	11417619.00
2021-06-22	9.05	9.15	9.01	9.14	1966278	18120672.00
2021-06-23	9.15	9.26	9.06	9.17	2384410	22164618.00
2021-06-24	9.09	9.22	9.03	9.04	2108810	19470480.00
2021-06-25	9.25	9.62	9.23	9.23	6001389	56980092.00
2021-06-28	9.04	9.23	8.95	9.05	3799884	34448300.00
2021-06-29	9.01	9.04	8.85	8.86	2470900	22197852.00
2021-06-30	8.84	8.89	8.80	8.83	1479689	13155588.00
2021-07-01	8.84	8.89	8.81	8.82	1263980	11243915.00
2021-07-02	8.82	8.84	8.61	8.63	2073700	18104394.00
2021-07-05	8.60	8.73	8.56	8.73	1080800	9419454.00
2021-07-06	8.69	8.87	8.68	8.80	1157381	10215218.00
2021-07-07	8.78	8.82	8.71	8.81	1181500	10429769.00
2021-07-08	8.84	8.84	8.64	8.65	1247000	10920101.00
2021-07-09	8.65	8.72	8.62	8.70	1017779	8884374.00
2021-07-12	8.70	8.73	8.66	8.67	1142100	10000427.00
2021-07-13	8.69	8.70	8.62	8.65	999600	8696613.00
2021-07-14	8.62	8.66	8.58	8.63	986500	8544859.00
2021-07-15	8.63	8.63	8.34	8.36	2160200	18344764.00
2021-07-16	8.37	8.40	8.29	8.29	1026620	8620507.00
2021-07-19	8.28	8.34	8.12	8.13	1168000	9619068.00
2021-07-20	8.09	8.29	8.06	8.21	994415	8199054.00
2021-07-21	8.21	8.32	8.20	8.26	1000315	8330768.00
2021-07-22	8.26	8.29	8.19	8.20	674500	5586851.00
2021-07-23	8.30	8.30	8.09	8.09	1380900	11307131.00
2021-07-26	8.10	8.10	7.90	7.93	1215800	9767112.00
2021-07-27	7.98	8.06	7.88	7.93	1075300	8614696.00
2021-07-28	7.94	7.98	7.53	7.55	2356500	18197568.00
2021-07-29	7.62	7.71	7.54	7.65	1192800	9172370.00
2021-07-30	7.64	7.70	7.59	7.65	881400	6794910.00
2021-08-02	7.65	7.83	7.56	7.82	1546801	12013584.00
2021-08-03	7.80	7.88	7.76	7.78	1090300	8597756.00
2021-08-04	7.80	7.82	7.71	7.74	1064400	8311729.00
2021-08-05	7.78	7.83	7.70	7.74	890200	6959887.00
2021-08-06	7.78	7.99	7.69	7.82	2093400	16525766.00
2021-08-09	7.85	7.93	7.76	7.92	2080900	16461622.00
2021-08-10	7.93	8.04	7.87	7.99	1800003	14442774.00
2021-08-11	8.07	8.13	7.98	8.08	1651300	13387136.00
2021-08-12	8.06	8.12	7.98	8.02	1578296	12773096.00
2021-08-13	7.98	8.03	7.94	7.97	1177200	9457931.00
2021-08-16	7.99	8.07	7.97	8.01	1291600	10428414.00
2021-08-17	8.01	8.07	7.77	7.80	1793300	14356211.00
2021-08-18	7.78	7.99	7.77	7.97	1709600	13589575.00
2021-08-19	7.94	7.99	7.81	7.83	1289600	10235497.00
2021-08-20	7.84	7.84	7.63	7.69	1573000	12213014.00
2021-08-23	7.70	7.90	7.69	7.87	1426403	11266010.00
2021-08-24	7.87	7.95	7.84	7.91	1241600	9861690.00
2021-08-25	7.94	7.98	7.87	7.95	1233400	9868274.00
2021-08-26	7.95	7.97	7.85	7.87	1185600	9438261.00
2021-08-27	7.82	7.96	7.70	7.72	1677498	13157608.00
2021-08-30	7.74	7.78	7.67	7.69	1390400	10793194.00
2021-08-31	7.69	7.76	7.62	7.75	1111300	8611909.00
2021-09-01	7.80	7.85	7.69	7.83	1708500	13389084.00
2021-09-02	7.83	7.95	7.80	7.93	1573000	12496456.00
2021-09-03	7.93	8.03	7.92	8.00	1347946	10838846.00
2021-09-06	8.00	8.05	7.95	8.03	991000	7994376.00
2021-09-07	8.01	8.09	7.99	8.00	1263700	10220524.00
2021-09-08	8.03	8.09	7.99	8.03	1374326	11130410.00
2021-09-09	8.01	8.07	7.98	8.03	943937	7628213.00
2021-09-10	8.04	8.10	7.94	8.00	1432377	11575330.00
2021-09-13	8.02	8.08	7.95	8.05	1205092	9739525.00
2021-09-14	8.06	8.07	7.93	7.95	1214600	9779114.00
2021-09-15	7.94	8.01	7.90	8.00	1033900	8269417.00
2021-09-16	7.99	8.08	7.90	7.90	1287100	10342461.00
2021-09-17	7.91	7.93	7.69	7.79	1756724	13808122.00
2021-09-22	7.77	7.80	7.69	7.78	1053000	8211261.00
2021-09-23	7.81	7.86	7.73	7.82	855800	6736017.00
2021-09-24	7.84	7.84	7.68	7.70	1203400	9367920.00
2021-09-27	7.69	7.74	7.47	7.54	1378600	10537895.00
2021-09-28	7.52	7.58	7.50	7.58	764024	5804968.00
2021-09-29	7.54	7.54	7.35	7.35	1001100	7496759.00
2021-09-30	7.35	7.50	7.35	7.47	722500	5416512.00
2021-10-08	7.53	7.64	7.48	7.64	1074877	8223000.00
2021-10-11	7.64	7.84	7.58	7.60	1437837	11153086.00
2021-10-12	7.60	7.64	7.50	7.57	1002003	7647561.00
2021-10-13	7.56	7.73	7.53	7.70	1233177	9515743.00
2021-10-14	7.81	7.81	7.65	7.73	1025900	7976459.00
2021-10-15	7.72	7.72	7.65	7.65	825900	6400248.00
2021-10-18	7.65	7.71	7.64	7.66	392500	3029710.00
2021-10-19	7.65	7.68	7.58	7.59	625800	4807855.00
2021-10-20	7.61	7.64	7.50	7.55	819200	6234398.00
2021-10-21	7.56	7.59	7.44	7.44	674537	5089743.00
2021-10-22	7.45	7.47	7.36	7.41	707100	5292074.00
2021-10-25	7.41	7.44	7.36	7.43	415900	3102290.00
2021-10-26	7.42	7.45	7.34	7.34	742700	5535424.00
2021-10-27	7.37	7.37	7.11	7.16	1771100	12817387.00
2021-10-28	7.15	7.18	7.05	7.18	820700	5896330.00
2021-10-29	7.17	7.27	7.11	7.22	1313103	9530329.00
2021-11-01	7.23	7.26	7.15	7.19	635700	4621145.00
2021-11-02	7.16	7.24	7.07	7.08	1025100	7379651.00
2021-11-03	7.08	7.14	7.07	7.13	493503	3539098.00
2021-11-04	7.13	7.29	7.12	7.23	869100	6303436.00
2021-11-05	7.23	7.26	7.17	7.22	542100	3945532.00
2021-11-08	7.23	7.27	7.19	7.24	458600	3341077.00
2021-11-09	7.24	7.29	7.21	7.25	609961	4456153.00
2021-11-10	7.22	7.32	7.19	7.29	938600	6854345.00
2021-11-11	7.29	7.69	7.27	7.64	3911042	29656814.00
2021-11-12	7.63	7.99	7.59	7.98	6068733	48044584.00
2021-11-15	8.03	8.18	7.92	8.15	6130400	49765528.00
2021-11-16	8.17	8.20	7.66	7.74	9003878	72086072.00
2021-11-17	7.70	7.86	7.70	7.78	4554980	35774460.00
2021-11-18	7.79	7.80	7.62	7.62	2524700	19595776.00
2021-11-19	7.63	7.69	7.53	7.67	1922400	14745861.00
2021-11-22	7.64	7.70	7.54	7.59	1911403	14623941.00
2021-11-23	7.58	7.61	7.53	7.56	1790700	13649382.00
2021-11-24	7.54	7.70	7.53	7.67	2065703	15887775.00
2021-11-25	7.67	7.74	7.63	7.69	2262000	17560602.00
2021-11-26	7.70	7.70	7.58	7.64	1291000	9916055.00
2021-11-29	7.57	7.62	7.51	7.54	1517939	11565945.00
2021-11-30	7.54	7.67	7.54	7.62	1284600	9840772.00
2021-12-01	7.60	7.76	7.57	7.76	2233078	17302134.00
2021-12-02	7.76	7.77	7.60	7.63	1317300	10184287.00
2021-12-03	7.63	7.67	7.58	7.62	942700	7238176.00
2021-12-06	7.62	7.66	7.52	7.52	1545000	11786520.00
2021-12-07	7.56	7.61	7.44	7.49	1285000	9712003.00
2021-12-08	7.54	7.55	7.45	7.52	933100	7057962.00
2021-12-09	7.54	7.63	7.51	7.59	1399800	10697932.00
2021-12-10	7.59	7.63	7.55	7.59	1015399	7764050.00
2021-12-13	7.61	7.65	7.56	7.59	1224200	9365205.00
2021-12-14	7.58	7.71	7.55	7.70	1702298	13140273.00
2021-12-15	7.71	7.76	7.61	7.75	2239948	17403274.00
2021-12-16	7.74	7.81	7.71	7.77	1649700	12904644.00
2021-12-17	7.79	7.82	7.71	7.77	1875299	14687464.00
2021-12-20	7.78	7.82	7.68	7.69	1411500	11031241.00
2021-12-21	7.75	7.94	7.70	7.93	3157300	24992974.00
2021-12-22	7.95	8.03	7.87	7.95	2685939	21506752.00
2021-12-23	7.90	7.94	7.76	7.77	1851500	14604706.00
2021-12-24	7.79	8.27	7.68	8.02	9798601	79736928.00
2021-12-27	7.87	8.35	7.61	8.30	10713725	86251504.00
2021-12-28	8.19	8.22	8.01	8.04	5436103	44293176.00
2021-12-29	8.05	8.13	7.92	8.00	2710400	21925836.00
2021-12-30	8.00	8.07	7.93	7.98	2210400	17822420.00
2021-12-31	7.98	8.06	7.93	7.93	2023300	16279655.00
2022-01-04	7.92	8.21	7.92	8.17	4371499	35795528.00
2022-01-05	8.19	8.22	8.01	8.07	2425800	19737728.00
2022-01-06	8.06	8.16	8.03	8.10	1746000	14258037.00
2022-01-07	8.08	8.16	7.93	7.93	2084900	16855484.00
2022-01-10	7.96	8.16	7.86	8.08	2772396	22470866.00
2022-01-11	8.07	8.19	8.07	8.11	1960600	16049605.00
2022-01-12	8.13	8.21	8.09	8.19	1831100	15076431.00
2022-01-13	8.19	9.02	8.15	9.02	14603803	128298296.00
2022-01-14	9.02	9.93	8.90	9.24	31030611	296423968.00
2022-01-17	8.93	9.54	8.88	9.34	19493451	179231200.00
2022-01-18	9.21	9.24	8.40	8.47	19262176	167283152.00
2022-01-19	8.44	8.96	8.26	8.81	14321535	125259136.00
2022-01-20	8.74	8.74	8.40	8.61	9899772	85165392.00
2022-01-21	8.55	8.71	8.21	8.41	7562904	64016288.00
2022-01-24	8.34	8.40	7.99	8.03	6377500	51990704.00
2022-01-25	7.97	8.02	7.54	7.56	6481100	50628700.00
2022-01-26	7.60	7.76	7.60	7.69	3442600	26660316.00
2022-01-27	7.76	7.76	7.38	7.40	4545500	34326776.00
2022-01-28	7.42	7.65	7.41	7.57	2939800	22363362.00
2022-02-07	7.55	7.72	7.50	7.68	3648700	28020690.00
2022-02-08	7.64	8.04	7.64	7.93	4454117	35369524.00
2022-02-09	7.97	8.01	7.84	7.90	3256300	25912484.00
2022-02-10	7.88	8.01	7.80	8.00	2935200	23402642.00
2022-02-11	7.92	7.95	7.73	7.91	3598200	28395154.00
2022-02-14	7.87	7.99	7.81	7.94	2788600	22251106.00
2022-02-15	7.97	8.00	7.85	7.90	2427900	19397728.00
2022-02-16	7.92	8.08	7.92	8.08	2843400	22981260.00
2022-02-17	8.14	8.36	8.01	8.17	4298200	35497488.00
2022-02-18	8.17	8.21	8.09	8.17	1880100	15438024.00
2022-02-21	8.17	8.31	8.13	8.27	2181200	18074160.00
2022-02-22	8.21	8.28	8.10	8.13	2742700	22535060.00
2022-02-23	8.17	8.17	8.08	8.14	1807192	14787562.00
2022-02-24	8.10	8.16	7.76	7.85	3260598	26180662.00
2022-02-25	7.88	8.02	7.86	7.92	1739200	13921318.00
2022-02-28	7.99	7.99	7.66	7.78	1801475	14109314.00
2022-03-01	7.78	7.90	7.78	7.85	1372300	10841016.00
2022-03-02	7.83	8.01	7.79	8.00	1639200	13130244.00
2022-03-03	8.00	8.07	7.97	7.98	1336600	10794140.00
2022-03-04	7.99	7.99	7.79	7.83	1520800	12057444.00
2022-03-07	7.82	7.86	7.73	7.80	1263700	9925540.00
2022-03-08	7.80	7.82	7.54	7.61	2193300	16912974.00
2022-03-09	7.67	7.68	7.26	7.48	2023800	15319927.00
2022-03-10	7.57	7.74	7.55	7.61	1635400	12621240.00
2022-03-11	7.61	7.68	7.42	7.66	1369700	10419253.00
2022-03-14	7.56	7.69	7.49	7.51	1084200	8273348.00
2022-03-15	7.50	7.50	7.15	7.18	2422100	17830644.00
2022-03-16	7.26	7.33	7.07	7.32	1711717	12492900.00
2022-03-17	7.43	7.51	7.34	7.35	2360700	17700328.00
2022-03-18	7.35	7.50	7.29	7.46	1390200	10411366.00
2022-03-21	7.46	7.65	7.46	7.61	2738000	20890088.00
2022-03-22	7.57	7.65	7.52	7.62	1212800	9283365.00
2022-03-23	7.64	7.66	7.53	7.59	1364900	10443527.00
2022-03-24	7.52	7.59	7.46	7.48	1157300	8769106.00
2022-03-25	7.53	7.61	7.45	7.59	1368817	10419393.00
2022-03-28	7.59	7.62	7.39	7.58	1221817	9250307.00
2022-03-29	7.59	7.60	7.41	7.46	976800	7387584.00
2022-03-30	7.51	7.51	7.43	7.50	1115700	8396559.00
2022-03-31	7.50	7.63	7.44	7.50	1248400	9491232.00
2022-04-01	7.53	7.69	7.45	7.62	2155900	16473264.00
2022-04-06	7.63	7.84	7.58	7.77	2768900	21665922.00
2022-04-07	7.75	7.89	7.67	7.68	2055800	16087700.00
2022-04-08	7.67	7.77	7.56	7.60	1539401	11866487.00
2022-04-11	7.66	8.12	7.63	7.84	7323301	58435184.00
2022-04-12	7.74	8.50	7.57	8.41	14316389	116737184.00
2022-04-13	8.40	8.42	7.99	8.10	11077090	91293528.00
2022-04-14	8.15	8.92	7.98	8.49	16479936	140952928.00
2022-04-15	8.34	8.92	8.01	8.10	15620801	133553528.00
2022-04-18	8.00	8.82	7.94	8.40	15499303	131046960.00
2022-04-19	8.25	8.41	7.94	8.40	11753100	96950416.00
2022-04-20	8.28	9.24	8.14	8.78	20456018	181342960.00
2022-04-21	8.60	8.67	8.20	8.67	14066389	118891096.00
2022-04-22	8.52	9.16	8.35	8.97	20458189	181222336.00
2022-04-25	8.40	8.43	8.07	8.07	8596500	70561008.00
2022-04-26	7.84	8.01	7.26	7.26	12029446	91441792.00
2022-04-27	6.59	6.87	6.53	6.61	12768814	85105944.00
2022-04-28	6.57	6.89	6.34	6.44	7918900	52344216.00
2022-04-29	6.44	6.90	6.41	6.74	8378100	56449144.00
2022-05-05	6.71	7.04	6.64	6.89	6069200	41890792.00
2022-05-06	6.72	6.99	6.70	6.91	5028100	34938256.00
2022-05-09	6.93	7.26	6.93	7.17	4919235	35484344.00
2022-05-10	7.17	7.21	7.01	7.08	4142500	29596108.00
2022-05-11	7.09	7.24	7.08	7.10	5037600	36296224.00
2022-05-12	7.04	7.32	7.02	7.29	3743700	27227950.00
2022-05-13	7.38	7.57	7.30	7.30	4156600	31096656.00
2022-05-16	7.40	7.50	7.22	7.48	3032303	22671502.00
2022-05-17	7.52	7.52	7.17	7.19	2860600	21013646.00
2022-05-18	7.24	7.52	7.19	7.38	3425800	25554936.00
2022-05-19	7.30	7.33	6.94	7.28	2670000	19523356.00
2022-05-20	7.33	7.33	7.13	7.16	2787600	20256140.00
2022-05-23	7.15	7.22	7.10	7.20	1960082	14183289.00
2022-05-24	7.20	7.20	6.79	6.81	3134100	21997248.00
2022-05-25	6.81	6.99	6.76	6.97	1989300	13899567.00
2022-05-26	7.04	7.10	6.86	7.00	1802200	12704662.00
2022-05-27	6.99	7.22	6.96	7.17	3813800	27335766.00
2022-05-30	7.18	7.30	7.14	7.18	2998600	21766272.00
2022-05-31	7.22	7.27	7.09	7.22	2380620	17232372.00
2022-06-01	7.25	7.39	7.18	7.37	2987300	22075482.00
2022-06-02	7.38	7.51	7.21	7.50	3097200	23084180.00
2022-06-06	7.52	7.57	7.41	7.52	2773200	20920942.00
2022-06-07	7.49	7.52	7.33	7.40	1983100	14808469.00
2022-06-08	7.45	7.45	7.17	7.32	2132600	15700516.00
2022-06-09	7.30	7.34	7.09	7.14	1698800	12319448.00
2022-06-10	7.14	7.25	7.06	7.13	1570400	11327774.00
2022-06-13	7.10	7.15	6.99	7.08	2030500	14467585.00
2022-06-14	7.04	7.07	6.87	7.05	1917000	13485097.00
2022-06-15	7.11	7.16	7.03	7.05	1925700	13762350.00
2022-06-16	7.10	7.15	6.97	7.10	2004700	14336358.00
2022-06-17	7.10	7.10	6.92	7.05	1769600	12520638.00
2022-06-20	7.05	7.10	7.04	7.09	1288800	9191819.00
2022-06-21	7.09	7.12	6.99	7.06	2469500	17558716.00
2022-06-22	7.09	7.09	6.89	6.90	1568100	11032633.00
2022-06-23	6.93	7.00	6.85	6.99	1406300	9831353.00
2022-06-24	6.99	7.07	6.97	7.04	1188600	8389755.00
2022-06-27	7.10	7.15	7.03	7.05	2699000	19186964.00
2022-06-28	7.08	7.19	7.01	7.16	1927400	13788165.00
2022-06-29	7.20	7.26	7.10	7.11	1794200	12918426.00
2022-06-30	7.12	7.28	7.12	7.21	2363200	17103476.00
2022-07-01	7.16	7.25	7.11	7.21	1978500	14257531.00
2022-07-04	7.21	7.21	7.11	7.18	1457700	10463558.00
2022-07-05	7.17	7.19	7.05	7.12	1808300	12942361.00
2022-07-06	7.12	7.17	7.05	7.16	2082200	14905504.00
2022-07-07	7.13	7.40	7.12	7.37	4251100	31277280.00
2022-07-08	7.34	7.37	7.26	7.29	1887500	13828917.00
2022-07-11	7.26	7.41	7.18	7.41	2252100	16532035.00
2022-07-12	7.38	7.39	7.24	7.29	2124400	15594105.00
2022-07-13	7.27	7.37	7.20	7.34	1060800	7805528.00
2022-07-14	7.34	7.41	7.28	7.36	1392500	10282214.00
2022-07-15	7.35	7.42	7.15	7.25	1978400	14367108.00
2022-07-18	7.20	7.48	7.19	7.44	2262700	16833560.00
2022-07-19	7.46	7.63	7.40	7.57	1939800	14655668.00
2022-07-20	7.56	7.58	7.46	7.53	1566300	11813458.00
2022-07-21	7.56	7.62	7.50	7.57	1382400	10491992.00
2022-07-22	7.53	7.64	7.53	7.57	1515100	11517626.00
2022-07-25	7.62	7.73	7.58	7.67	1393900	10693667.00
2022-07-26	7.67	7.71	7.57	7.63	1179100	9031139.00
2022-07-27	7.66	7.73	7.61	7.72	1509000	11638842.00
2022-07-28	7.67	7.74	7.63	7.68	1093900	8436028.00
2022-07-29	7.68	7.68	7.52	7.53	1114600	8464695.00
2022-08-01	7.56	7.60	7.47	7.53	1703800	12869731.00
2022-08-02	7.52	7.52	7.08	7.17	1723700	12506534.00
2022-08-03	7.17	7.32	7.07	7.17	1609000	11613616.00
2022-08-04	7.18	7.39	7.08	7.37	1643100	11974737.00
2022-08-05	7.29	7.43	7.25	7.26	1579700	11562288.00
2022-08-08	7.25	7.40	7.22	7.37	1223800	8974439.00
2022-08-09	7.42	7.54	7.32	7.50	1408300	10531879.00
2022-08-10	7.49	7.64	7.45	7.63	1214000	9228807.00
2022-08-11	7.62	7.71	7.57	7.61	1296900	9925090.00
2022-08-12	7.64	7.68	7.53	7.58	960200	7313031.00
2022-08-15	7.58	7.60	7.46	7.54	1271500	9609255.00
2022-08-16	7.58	7.65	7.49	7.65	901300	6875532.00
2022-08-17	7.67	7.74	7.57	7.59	1362600	10456678.00
2022-08-18	7.63	7.65	7.53	7.63	929300	7086234.00
2022-08-19	7.61	7.70	7.49	7.55	2164600	16478915.00
2022-08-22	7.55	7.63	7.51	7.62	1197300	9122588.00
2022-08-23	7.61	7.69	7.57	7.66	902500	6928496.00
2022-08-24	7.69	7.69	7.37	7.45	1323903	10031895.00
2022-08-25	7.46	7.64	7.35	7.56	1646100	12392544.00
2022-08-26	7.60	7.62	7.44	7.49	719000	5440220.00
2022-08-29	7.49	7.58	7.32	7.55	864900	6528638.00
2022-08-30	7.38	7.80	7.38	7.73	2421700	18592076.00
2022-08-31	7.69	7.74	7.45	7.53	1485600	11311666.00
2022-09-01	7.52	7.71	7.42	7.63	2017665	15448022.00
2022-09-02	7.67	7.96	7.65	7.84	6112500	48032104.00
2022-09-05	7.88	7.89	7.60	7.66	4430500	34208888.00
2022-09-06	7.72	7.75	7.54	7.58	2968400	22711052.00
2022-09-07	7.63	7.63	7.44	7.49	2841000	21342488.00
2022-09-08	7.49	7.54	7.38	7.54	2282700	17121652.00
2022-09-09	7.51	7.54	7.39	7.39	1841400	13756937.00
2022-09-13	7.40	8.13	7.39	8.13	10223203	80928160.00
2022-09-14	8.37	8.95	7.96	8.20	31945295	267482608.00
2022-09-15	8.01	8.63	7.89	8.29	25019743	205237392.00
2022-09-16	8.04	8.21	7.68	7.85	17619665	139429696.00
2022-09-19	7.77	7.82	7.06	7.13	15655400	115609528.00
2022-09-20	7.27	7.57	7.13	7.37	12257706	90702608.00
2022-09-21	7.39	8.11	7.29	8.11	6456403	51761916.00
2022-09-22	8.22	8.69	8.19	8.27	26637003	223382752.00
2022-09-23	8.28	8.42	7.93	7.98	16630810	135595056.00
2022-09-26	7.96	8.26	7.90	7.99	14435014	117054928.00
2022-09-27	8.05	8.77	7.96	8.44	23846027	199610432.00
2022-09-28	8.37	8.43	8.10	8.19	16176165	134495520.00
2022-09-29	8.34	8.37	8.00	8.10	9884200	80668416.00
2022-09-30	8.05	8.30	7.72	7.88	9990003	79613784.00
2022-10-10	7.71	8.57	7.63	8.21	14991098	122920000.00
2022-10-11	7.97	8.25	7.84	8.23	11013243	89377648.00
2022-10-12	8.07	8.39	8.03	8.34	11251200	92780208.00
2022-10-13	8.27	8.53	8.13	8.36	13040300	109003024.00
2022-10-14	8.36	8.57	8.30	8.39	13809117	117058400.00
2022-10-17	8.24	8.71	8.13	8.61	14467582	122350544.00
2022-10-18	8.55	8.68	8.32	8.44	10827865	91670392.00
2022-10-19	8.30	8.38	8.02	8.26	10076006	82812320.00
2022-10-20	8.18	8.34	7.89	8.08	10195950	82923720.00
2022-10-21	8.12	8.89	8.04	8.45	18671255	159105104.00
2022-10-24	8.46	8.65	7.96	8.06	14858886	123982112.00
2022-10-25	8.09	8.87	8.09	8.87	11446939	100746416.00
2022-10-26	9.22	9.76	8.90	9.05	38576502	361596576.00
2022-10-27	8.82	9.04	8.54	8.57	22276886	194442464.00
2022-10-28	8.63	9.23	8.57	8.65	23549351	209666928.00
2022-10-31	8.56	8.57	8.17	8.42	17743100	148462208.00
2022-11-01	8.27	8.72	8.05	8.70	18234100	153170784.00
2022-11-02	8.52	8.71	8.47	8.62	14519800	125237840.00
2022-11-03	8.60	8.94	8.59	8.88	17931562	158385904.00
2022-11-04	9.05	9.05	8.67	8.83	15930035	141032192.00
2022-11-07	8.82	9.17	8.67	9.12	16599388	148369632.00
2022-11-08	8.98	9.05	8.72	8.83	12236000	109130216.00
2022-11-09	8.72	8.87	8.66	8.67	8668500	76034848.00
2022-11-10	8.67	9.26	8.52	9.07	19151265	172057600.00
2022-11-11	9.27	9.30	8.92	9.09	16672800	151793200.00
2022-11-14	9.08	9.08	8.79	8.91	9272600	82778368.00
2022-11-15	8.79	9.05	8.79	9.02	10336500	92532568.00
2022-11-16	8.95	9.19	8.86	8.97	9725800	88005304.00
2022-11-17	8.90	9.11	8.77	8.90	9194700	82123712.00
2022-11-18	8.82	8.88	8.64	8.65	9901035	86676904.00
2022-11-21	8.47	8.56	8.41	8.42	7845323	66621568.00
2022-11-22	8.48	8.56	8.18	8.35	8010800	66967860.00
2022-11-23	8.30	8.30	7.94	8.06	7308900	59134688.00
2022-11-24	8.05	8.17	8.00	8.12	3896600	31669848.00
2022-11-25	8.08	8.12	7.86	7.91	4963400	39647424.00
2022-11-28	7.78	8.03	7.74	8.02	3429100	27273452.00
2022-11-29	8.01	8.22	7.97	8.20	5336600	43639412.00
2022-11-30	8.14	8.26	8.07	8.14	4077500	33332220.00
2022-12-01	8.26	8.36	8.16	8.23	5915800	49131864.00
2022-12-02	8.25	8.46	8.21	8.33	5279578	44182296.00
2022-12-05	8.43	8.43	8.24	8.29	4386900	36615748.00
2022-12-06	8.24	8.75	8.19	8.71	14797063	127183752.00
2022-12-07	8.55	9.29	8.55	8.81	19820263	176360256.00
2022-12-08	8.94	9.69	8.81	9.69	19166453	181948128.00
2022-12-09	9.94	10.27	9.08	9.27	30789440	292681536.00
2022-12-12	9.29	10.20	9.29	10.20	24617551	242867232.00
2022-12-13	10.14	11.22	9.88	10.40	40849539	433382784.00
2022-12-14	10.04	10.22	9.64	9.81	28548100	284446304.00
2022-12-15	9.72	10.17	9.67	9.67	21950140	218359120.00
2022-12-16	9.83	10.12	9.76	9.83	18040740	179119296.00
2022-12-19	9.97	10.12	9.46	9.54	13852600	134061544.00
2022-12-20	9.67	9.72	9.17	9.39	10900100	102957200.00
2022-12-21	9.50	9.90	9.27	9.87	18095500	175833296.00
2022-12-22	9.76	9.79	9.27	9.49	14693600	140638304.00
2022-12-23	9.32	9.53	9.07	9.35	12178900	113775568.00
2022-12-26	9.36	9.57	9.27	9.51	9516600	90407816.00
2022-12-27	9.57	9.86	9.33	9.73	14121900	136068128.00
2022-12-28	9.48	9.77	9.39	9.51	9984008	95624752.00
2022-12-29	9.32	9.76	9.11	9.70	14319400	136810896.00
2022-12-30	9.67	10.35	9.53	10.17	25827655	260849904.00
2023-01-03	9.90	10.26	9.72	10.26	18546989	184319136.00
2023-01-04	10.06	11.07	9.95	10.51	22517424	234278672.00
2023-01-05	10.31	10.32	9.91	9.96	15892535	161041520.00
2023-01-06	9.88	9.94	9.34	9.40	13730166	131665400.00
2023-01-09	9.39	9.40	9.18	9.22	7479200	69426544.00
2023-01-10	9.23	9.31	9.08	9.31	7756900	71713064.00
2023-01-11	9.23	9.25	8.67	8.70	11622100	104351384.00
2023-01-12	8.70	8.75	8.42	8.49	8190389	70122824.00
2023-01-13	8.49	8.54	8.37	8.45	4539700	38495700.00
2023-01-16	8.51	8.63	8.46	8.63	5906900	50782536.00
2023-01-17	8.61	8.64	8.42	8.50	4089600	34918032.00
2023-01-18	8.50	8.54	8.43	8.46	2346700	19952476.00
2023-01-19	8.40	8.40	8.24	8.24	4599800	38214024.00
2023-01-20	8.27	8.38	8.27	8.35	2658400	22217392.00
2023-01-30	8.39	8.62	8.39	8.60	5193000	44537584.00
2023-01-31	8.57	8.62	8.50	8.61	3530100	30340942.00
2023-02-01	8.61	8.68	8.55	8.68	4417100	38225692.00
2023-02-02	8.70	8.81	8.60	8.77	5297500	46300172.00
2023-02-03	8.75	8.75	8.58	8.64	4379000	38041388.00
2023-02-06	8.59	8.71	8.58	8.70	3495900	30430700.00
2023-02-07	8.73	8.84	8.68	8.84	5986500	52609240.00
2023-02-08	8.85	8.99	8.77	8.94	9216500	82516256.00
2023-02-09	8.87	8.98	8.82	8.90	5741500	51171076.00
2023-02-10	8.90	8.97	8.84	8.89	5037200	44988320.00
2023-02-13	8.89	8.98	8.81	8.96	7116400	63611736.00
2023-02-14	8.96	8.98	8.85	8.86	4045800	36191176.00
2023-02-15	8.86	8.90	8.71	8.78	4279100	37801764.00
2023-02-16	8.85	8.85	8.44	8.52	5173400	45084648.00
2023-02-17	8.52	8.71	8.50	8.52	3588300	30901796.00
2023-02-20	8.62	8.63	8.45	8.55	2635900	22508980.00
2023-02-21	8.57	8.66	8.45	8.54	3039400	26033022.00
2023-02-22	8.53	8.53	8.40	8.47	2413035	20468748.00
2023-02-23	8.45	8.50	8.38	8.48	2179235	18451038.00
2023-02-24	8.48	8.55	8.33	8.55	3317700	28137218.00
2023-02-27	8.57	8.90	8.45	8.89	10210200	89217928.00
2023-02-28	8.84	9.01	8.78	8.84	7539100	67105048.00
2023-03-01	8.83	8.86	8.71	8.81	4954000	43513136.00
2023-03-02	8.81	8.82	8.64	8.66	3819800	33352544.00
2023-03-03	8.71	8.73	8.53	8.66	3398500	29497176.00
2023-03-06	8.69	9.53	8.66	9.15	17451733	159922544.00
2023-03-07	9.05	9.14	8.85	8.86	10199233	91919048.00
2023-03-08	8.85	9.08	8.74	8.84	7279664	64672176.00
2023-03-09	8.87	8.93	8.62	8.67	7127600	62226112.00
2023-03-10	8.55	8.58	8.40	8.45	6369400	54222428.00
2023-03-13	8.48	8.48	8.13	8.21	5753336	47583864.00
2023-03-14	8.26	8.27	7.91	7.99	4055600	32734888.00
2023-03-15	7.99	8.11	7.98	8.05	2404400	19436828.00
2023-03-16	8.01	8.01	7.85	7.86	2561400	20339832.00
2023-03-17	7.91	7.95	7.83	7.86	2143700	16956656.00
2023-03-20	7.83	7.84	7.66	7.66	2526000	19555024.00
2023-03-21	7.66	7.91	7.65	7.91	3252800	25481110.00
2023-03-22	7.95	7.96	7.82	7.91	2324300	18384588.00
2023-03-23	7.93	7.95	7.79	7.83	2151900	16960628.00
2023-03-24	7.78	7.88	7.78	7.87	1319700	10383998.00
2023-03-27	7.85	7.91	7.73	7.77	1348800	10538894.00
2023-03-28	7.80	7.92	7.75	7.81	1927100	15118990.00
2023-03-29	7.78	7.88	7.66	7.68	1980400	15378082.00
2023-03-30	7.68	8.15	7.54	8.00	5748500	45358712.00
2023-03-31	7.90	8.08	7.78	7.94	4664000	37050880.00
2023-04-03	7.88	7.88	7.79	7.82	2416200	18979128.00
2023-04-04	7.79	7.83	7.67	7.70	2082200	16158255.00
2023-04-06	7.70	7.81	7.62	7.73	1620900	12549082.00
2023-04-07	7.70	7.74	7.65	7.70	1347900	10432247.00
2023-04-10	7.70	7.70	7.42	7.48	2715600	20565712.00
2023-04-11	7.48	7.49	7.37	7.41	1492100	11104434.00
2023-04-12	7.42	7.52	7.42	7.51	1327800	9973889.00
2023-04-13	7.47	7.63	7.47	7.63	2134200	16255119.00
2023-04-14	7.67	7.67	7.38	7.52	1867200	14080529.00
2023-04-17	7.48	7.54	7.42	7.52	1365900	10260275.00
2023-04-18	7.62	7.66	7.42	7.47	1408100	10618420.00
2023-04-19	7.50	7.50	7.32	7.33	1583500	11720224.00
2023-04-20	7.32	7.32	7.14	7.19	1919600	13862770.00
2023-04-21	7.19	7.27	7.01	7.02	2043300	14602168.00
2023-04-24	7.02	7.07	6.88	6.93	3077700	21487088.00
2023-04-25	6.92	6.95	6.69	6.82	2792600	19057582.00
2023-04-26	6.82	7.09	6.78	7.07	2685600	18857434.00
2023-04-27	7.12	7.40	7.08	7.34	5255500	38466396.00
2023-04-28	7.30	7.52	7.27	7.52	3705700	27557608.00
2023-05-04	7.47	7.63	7.47	7.61	2865303	21797886.00
2023-05-05	7.55	7.69	7.51	7.63	2892100	22056404.00
2023-05-08	7.67	7.68	7.55	7.61	2093100	15993577.00
2023-05-09	7.61	7.68	7.55	7.56	1972700	15089587.00
2023-05-10	7.50	7.61	7.50	7.57	1428000	10826097.00
2023-05-11	7.55	7.66	7.53	7.66	1443200	11034895.00
2023-05-12	7.66	7.81	7.62	7.73	2450600	19008784.00
2023-05-15	7.72	7.72	7.50	7.65	1679600	12780313.00
2023-05-16	7.64	7.72	7.54	7.58	1195400	9107940.00
2023-05-17	7.52	7.77	7.49	7.74	2299500	17793538.00
2023-05-18	7.82	7.86	7.69	7.76	1433800	11130920.00
2023-05-19	7.74	7.80	7.62	7.77	1374936	10661164.00
2023-05-22	7.81	7.84	7.71	7.73	1181300	9186370.00
2023-05-23	7.68	7.91	7.66	7.70	2089200	16284751.00
2023-05-24	7.69	7.69	7.56	7.57	1699900	12981357.00
2023-05-25	7.59	7.62	7.46	7.57	2078200	15745784.00
2023-05-26	7.64	7.66	7.42	7.52	1423300	10722626.00
2023-05-29	7.52	7.60	7.41	7.43	1582800	11896197.00
2023-05-30	7.56	7.62	7.34	7.46	1831808	13656987.00
2023-05-31	7.48	7.53	7.41	7.44	1409208	10555697.00
2023-06-01	7.44	7.55	7.29	7.53	2109100	15820341.00
2023-06-02	7.47	7.68	7.47	7.66	1894200	14510429.00
2023-06-05	7.65	7.80	7.60	7.78	2155000	16750746.00
2023-06-06	7.77	8.49	7.72	8.08	12511100	101371968.00
2023-06-07	7.92	8.89	7.77	8.89	22516199	191609696.00
2023-06-08	8.89	9.78	8.48	9.78	35246106	324683136.00
2023-06-09	9.75	10.48	9.17	9.44	42816806	424308896.00
2023-06-12	8.49	9.52	8.49	8.96	31122599	274521536.00
2023-06-13	8.57	9.27	8.55	8.95	27517599	244709600.00
2023-06-14	8.91	9.85	8.69	9.85	24890907	235240528.00
2023-06-15	10.07	10.84	9.59	10.21	43789006	446679424.00
2023-06-16	9.58	9.88	9.19	9.43	25878106	247113984.00
2023-06-19	9.43	9.53	8.94	9.06	20488899	187187632.00
2023-06-20	8.98	9.34	8.73	9.27	21508200	194899552.00
2023-06-21	9.09	9.35	8.88	8.88	14759907	135114400.00
2023-06-26	8.78	8.80	8.31	8.41	13069103	111214144.00
2023-06-27	8.49	8.78	8.49	8.71	11600100	100696752.00
2023-06-28	8.73	8.80	8.46	8.63	7662816	66064752.00
2023-06-29	8.74	8.74	8.53	8.57	6254500	53942552.00
2023-06-30	8.62	8.77	8.56	8.60	7011100	60756544.00
2023-07-03	8.60	8.98	8.53	8.98	15313000	134879776.00
2023-07-04	8.88	8.97	8.79	8.90	11256700	99875048.00
2023-07-05	8.83	8.85	8.63	8.64	8002100	69818456.00
2023-07-06	8.60	8.74	8.55	8.64	5868100	50732668.00
2023-07-07	8.60	9.18	8.55	8.92	14903200	133212160.00
2023-07-10	8.91	9.57	8.80	9.53	25728316	239205968.00
2023-07-11	9.34	9.35	9.08	9.28	14645516	135329232.00
2023-07-12	9.28	9.71	9.10	9.40	15615632	146097552.00
2023-07-13	9.34	9.49	9.11	9.24	10178600	94038376.00
2023-07-14	9.11	9.15	8.64	8.65	13599200	119502384.00
2023-07-17	8.64	8.79	8.34	8.78	9034600	78361584.00
2023-07-18	8.78	9.07	8.60	9.00	11406803	101647424.00
2023-07-19	8.80	9.48	8.80	9.29	20567200	192067280.00
2023-07-20	9.27	10.22	9.27	10.22	24369926	246026080.00
2023-07-21	11.24	11.24	11.24	11.24	4335100	48813224.00
2023-07-24	10.11	11.21	10.11	10.11	40943326	427995648.00
2023-07-25	9.77	11.12	9.77	11.12	41111114	445736992.00
2023-07-26	10.08	12.23	10.01	12.23	46524726	507179072.00
2023-07-27	11.38	13.13	11.27	11.56	47342626	563279808.00
2023-07-28	11.43	12.04	10.85	11.22	37629188	436180704.00
2023-07-31	11.06	12.34	10.60	12.34	39734888	460914848.00
2023-08-01	11.98	12.84	11.43	11.65	36960514	446656512.00
2023-08-02	11.58	12.64	11.33	12.12	34260114	413290336.00
2023-08-03	11.76	12.34	11.29	12.16	31032600	368924512.00
2023-08-04	11.98	12.28	11.59	11.60	23910300	284565408.00
2023-08-07	11.20	11.31	10.91	10.93	21441700	237722736.00
2023-08-08	10.98	11.03	10.44	10.53	16821400	179718288.00
2023-08-09	10.62	10.64	10.29	10.32	10746900	112220528.00
2023-08-10	10.29	10.41	10.17	10.26	10769800	111062592.00
2023-08-11	10.23	10.27	9.88	9.94	9409300	94773088.00
2023-08-14	9.76	10.15	9.70	10.01	10368001	104024656.00
2023-08-15	10.03	10.57	9.96	10.27	16096400	165564992.00
2023-08-16	10.08	10.16	9.83	9.89	11452000	114025344.00
2023-08-17	9.93	10.16	9.88	10.15	11227088	113055352.00
2023-08-18	10.03	10.13	9.70	9.72	8513300	84167352.00
2023-08-21	9.83	9.90	9.70	9.71	5109100	50192248.00
2023-08-22	9.70	9.78	9.48	9.73	8203800	79194304.00
2023-08-23	9.64	9.73	9.33	9.36	6148700	58288256.00
2023-08-24	9.42	9.49	9.28	9.38	4628800	43542700.00
2023-08-25	9.44	9.44	9.05	9.11	5348700	49072888.00
2023-08-28	9.48	9.64	9.28	9.34	8137700	77209120.00
2023-08-29	9.39	9.63	9.26	9.60	6130900	58368552.00
2023-08-30	9.68	9.73	9.37	9.48	5671200	53990760.00
2023-08-31	9.47	9.48	9.28	9.31	3892300	36462672.00
2023-09-01	9.42	10.24	9.42	10.24	7694326	77721368.00
2023-09-04	10.48	10.48	10.03	10.09	21469414	218705888.00
2023-09-05	10.00	10.27	9.84	10.27	18372088	186025584.00
2023-09-06	10.07	10.23	9.79	9.84	13666800	136385184.00
2023-09-07	9.81	10.46	9.60	10.20	22887501	230644672.00
2023-09-08	9.87	9.88	9.18	9.24	18909588	179121072.00
2023-09-11	9.07	9.24	8.75	9.23	11317588	102253816.00
2023-09-12	9.14	9.22	9.03	9.03	6748788	61460928.00
2023-09-13	9.03	9.13	8.83	8.90	7414100	66700696.00
2023-09-14	8.84	8.88	8.64	8.64	7363500	64392696.00
2023-09-15	8.64	8.81	8.64	8.68	4437000	38747200.00
2023-09-18	8.67	9.15	8.60	9.08	10399688	93535880.00
2023-09-19	8.98	9.16	8.88	8.89	6070200	54712072.00
2023-09-20	8.71	9.05	8.71	8.83	4937800	44073880.00
2023-09-21	8.77	8.90	8.72	8.76	4592888	40472604.00
2023-09-22	8.70	8.89	8.69	8.88	4603400	40704696.00
2023-09-25	8.93	9.13	8.83	8.93	5775100	51784560.00
2023-09-26	8.83	9.13	8.83	9.01	6309600	57080724.00
2023-09-27	8.91	9.17	8.85	8.99	5971200	54139028.00
2023-09-28	9.10	9.15	8.95	8.98	4661200	42176248.00
2023-10-09	8.98	9.03	8.57	8.62	5311300	46168420.00
2023-10-10	8.62	8.82	8.58	8.59	4051500	35238788.00
2023-10-11	8.57	8.65	8.49	8.51	4077300	35011384.00
2023-10-12	8.51	8.63	8.49	8.52	2916800	24929048.00
2023-10-13	8.48	8.54	8.31	8.34	3977500	33414832.00
2023-10-16	8.37	8.38	8.23	8.27	3432300	28529374.00
2023-10-17	8.26	8.46	8.23	8.44	4119200	34460484.00
2023-10-18	8.48	8.81	8.33	8.72	7734600	66763668.00
2023-10-19	8.72	9.23	8.55	9.17	17133703	154581600.00
2023-10-20	9.23	9.26	8.93	9.12	11861703	108425408.00
2023-10-23	9.06	9.22	9.02	9.09	7060700	64550676.00
2023-10-24	9.15	9.33	8.99	9.26	7373300	67892584.00
2023-10-25	9.26	9.58	9.20	9.40	7796400	73692976.00
2023-10-26	9.40	9.46	9.25	9.42	6369700	59687292.00
2023-10-27	9.46	9.46	9.30	9.32	4294700	40260172.00
2023-10-30	9.20	9.55	9.20	9.43	5465000	51699208.00
2023-10-31	9.43	9.67	9.40	9.48	5179800	49386060.00
2023-11-01	9.54	9.79	9.43	9.77	5827000	56423872.00
2023-11-02	9.70	9.78	9.64	9.68	4946800	48086376.00
2023-11-03	9.70	9.87	9.63	9.81	4825694	47216128.00
2023-11-06	9.85	10.00	9.74	9.97	5897800	58213596.00
2023-11-07	10.04	10.55	9.98	10.39	8986300	92678720.00
2023-11-08	10.38	10.53	10.18	10.37	8026106	83601480.00
2023-11-09	10.34	10.36	10.05	10.22	5758600	58810056.00
2023-11-10	10.18	10.56	10.14	10.51	6745000	70505096.00
2023-11-13	10.54	10.79	10.53	10.73	5110500	54722280.00
2023-11-14	10.76	10.87	10.65	10.77	5379346	57794324.00
2023-11-15	10.78	10.93	10.67	10.81	4978300	53890236.00
2023-11-16	10.82	11.01	10.81	10.95	4917800	53978752.00
2023-11-17	10.96	10.99	10.78	10.95	5312100	58062760.00
2023-11-20	10.94	11.03	10.49	10.58	8203200	87914552.00
2023-11-21	10.50	11.32	10.38	11.30	14488900	159885472.00
2023-11-22	11.20	12.33	11.15	11.90	13415800	157457648.00
2023-11-23	11.81	12.15	11.65	12.11	8821900	105643792.00
2023-11-24	12.11	12.28	11.93	12.05	7232835	87376912.00
2023-11-27	12.00	12.00	11.53	11.63	6978635	81574000.00
2023-11-28	11.57	11.73	11.18	11.61	9348095	107317120.00
2023-11-29	11.58	12.01	11.58	11.72	8413700	99508984.00
2023-11-30	11.68	11.80	11.49	11.58	5371000	62448812.00
2023-12-01	11.58	11.65	11.46	11.56	3796500	43948952.00
2023-12-04	11.52	11.60	11.38	11.45	4206200	48395064.00
2023-12-05	11.45	11.58	11.32	11.33	3076900	35149092.00
2023-12-06	11.26	11.40	10.20	10.20	11018094	118289280.00
2023-12-07	9.98	10.19	9.18	9.18	21573795	202412656.00
2023-12-08	8.86	9.15	8.68	8.75	15254073	135873264.00
2023-12-11	8.77	8.94	8.73	8.83	11343600	100364288.00
2023-12-12	8.78	8.99	8.75	8.93	7902700	70440608.00
2023-12-13	8.93	9.15	8.90	8.92	8494500	76834744.00
2023-12-14	8.92	9.05	8.87	8.90	4982400	44596276.00
2023-12-15	8.90	9.03	8.86	8.99	5159000	46310332.00
2023-12-18	8.99	8.99	8.81	8.88	4010293	35723420.00
2023-12-19	8.82	8.92	8.76	8.85	3145203	27816626.00
2023-12-20	8.80	8.85	8.63	8.64	3432100	29966338.00
2023-12-21	8.61	8.71	8.47	8.66	3765700	32471248.00
2023-12-22	8.65	8.72	8.47	8.48	3167400	27169650.00
2023-12-25	8.52	8.52	8.24	8.31	4274400	35725232.00
2023-12-26	8.34	8.43	8.18	8.20	2304400	19092916.00
2023-12-27	8.20	8.38	8.15	8.35	3257003	26983804.00
2023-12-28	8.30	8.50	8.20	8.43	3322603	27956568.00
2023-12-29	8.44	8.58	8.31	8.49	6016400	50642872.00
2024-01-02	8.48	9.34	8.40	9.34	11688873	106633528.00
2024-01-03	9.31	9.40	8.95	9.01	20764663	189696528.00
2024-01-04	9.02	9.06	8.88	9.02	8479800	76460344.00
2024-01-05	9.06	9.16	8.76	8.79	6809900	60901696.00
2024-01-08	8.77	9.03	8.61	8.75	8362100	74064928.00
2024-01-09	8.86	9.03	8.76	8.89	10372300	92163272.00
2024-01-10	8.94	9.33	8.77	9.33	23524248	214809456.00
2024-01-11	9.14	9.28	8.99	9.19	15949706	145884240.00
2024-01-12	9.36	9.64	8.88	8.92	22863400	212687424.00
2024-01-15	8.74	9.81	8.59	9.81	25752444	246611392.00
2024-01-16	9.94	10.53	9.59	9.68	35798306	359378400.00
2024-01-17	9.74	9.90	9.15	9.22	19961240	189174256.00
2024-01-18	9.14	9.21	8.56	8.98	16101310	142164432.00
2024-01-19	9.02	9.04	8.61	8.63	12379408	108788672.00
2024-01-22	8.52	8.61	7.77	7.77	12769008	103635696.00
2024-01-23	7.77	7.79	7.43	7.74	7555000	57867104.00
2024-01-24	7.65	8.08	7.65	8.00	8006252	63537236.00
2024-01-25	8.06	8.21	7.86	8.19	6929700	55867252.00
2024-01-26	8.16	8.38	8.09	8.24	6652390	55022840.00
2024-01-29	8.18	8.31	7.74	7.78	4935640	39120544.00
2024-01-30	7.68	7.78	7.38	7.38	3938040	29832112.00
2024-01-31	7.39	7.46	6.95	7.00	5294300	38165012.00
2024-02-01	7.02	7.04	6.74	6.89	4793400	33138542.00
2024-02-02	6.94	7.13	6.36	6.68	5970300	40550248.00
2024-02-05	6.60	6.60	6.01	6.01	5988700	36638908.00
2024-02-06	5.75	5.85	5.41	5.56	10088303	55885684.00
2024-02-07	5.50	5.58	5.00	5.00	9741120	50152772.00
2024-02-08	4.69	5.42	4.53	5.36	12192852	61240848.00
2024-02-19	5.36	5.80	5.36	5.75	9685237	54731908.00
2024-02-20	5.77	5.97	5.54	5.91	6926827	40407496.00
2024-02-21	5.87	6.42	5.75	6.16	7194100	44473332.00
2024-02-22	6.16	6.41	6.00	6.39	5135900	32393992.00
2024-02-23	6.47	6.71	6.38	6.61	6956800	45441256.00
2024-02-26	6.61	7.07	6.53	6.99	7549200	51976920.00
2024-02-27	6.99	7.35	6.79	7.18	7362437	52575932.00
2024-02-28	7.18	7.31	6.46	6.46	10702900	74216192.00
2024-02-29	6.22	6.67	6.18	6.64	7323300	48037536.00
2024-03-01	6.72	6.78	6.46	6.66	5469800	36269504.00
2024-03-04	6.68	6.74	6.40	6.58	4748000	31103800.00
2024-03-05	6.58	6.58	6.43	6.47	3754200	24500700.00
2024-03-06	6.45	6.71	6.43	6.68	4899900	32337314.00
2024-03-07	6.72	7.00	6.60	6.68	5674300	38562880.00
2024-03-08	6.68	6.76	6.58	6.76	4727700	31694342.00
2024-03-11	6.91	7.35	6.85	7.35	9651000	68331520.00
2024-03-12	7.37	7.40	7.11	7.32	9416600	68587640.00
2024-03-13	7.28	7.66	7.28	7.51	7001500	52456128.00
2024-03-14	7.49	7.98	7.46	7.83	9545000	73945640.00
2024-03-15	7.83	8.04	7.77	8.03	8224200	65142888.00
2024-03-18	8.04	8.41	8.04	8.30	9736600	80993976.00
2024-03-19	8.27	8.33	8.07	8.17	6606900	54263604.00
2024-03-20	8.17	8.42	8.16	8.34	8956000	74573088.00
2024-03-21	8.35	8.40	8.14	8.23	5949300	49110812.00
2024-03-22	8.13	8.31	8.13	8.20	5722300	47176452.00
2024-03-25	8.22	8.50	8.22	8.31	7284720	60929036.00
2024-03-26	8.31	8.47	8.22	8.43	5109500	42799208.00
2024-03-27	8.51	8.60	8.24	8.31	5019200	42136024.00
2024-03-28	8.31	8.54	8.18	8.42	5690299	47784968.00
2024-03-29	8.48	8.51	8.34	8.51	4179900	35296488.00
2024-04-01	8.51	8.93	8.51	8.93	5738800	50220612.00
2024-04-02	8.90	9.06	8.88	8.90	6071900	54563888.00
2024-04-03	8.96	9.02	8.77	8.99	4145700	37104940.00
2024-04-08	9.00	9.12	8.82	8.86	4713200	42370840.00
2024-04-09	8.83	8.90	8.58	8.88	6664100	58628460.00
2024-04-10	9.01	9.31	8.88	9.23	7942600	72648856.00
2024-04-11	9.17	9.55	8.31	8.31	10926700	98062608.00
2024-04-12	8.27	8.27	7.53	8.09	16140420	129767240.00
2024-04-15	7.63	7.91	7.28	7.28	7321499	54392388.00
2024-04-16	6.55	6.64	6.55	6.55	1948600	12811692.00
2024-04-17	6.26	7.02	6.26	6.97	11775199	80035976.00
2024-04-18	6.99	7.46	6.98	7.29	10890000	79872280.00
2024-04-19	7.28	7.29	6.66	6.99	9661100	67571392.00
2024-04-22	6.93	7.03	6.53	6.68	5524900	37285036.00
2024-04-23	6.71	6.93	6.71	6.83	4226700	28997036.00
2024-04-24	6.80	7.18	6.74	6.91	6063800	42260160.00
2024-04-25	6.86	6.95	6.70	6.79	4588900	31446388.00
2024-04-26	6.86	7.16	6.86	7.06	7696100	54190712.00
2024-04-29	7.06	7.36	7.05	7.36	5765500	41850024.00
2024-04-30	7.29	7.43	6.99	7.14	5485500	39344836.00
2024-05-06	7.28	7.57	7.28	7.50	5978400	44476480.00
2024-05-07	7.48	7.58	7.42	7.54	4249200	31984888.00
2024-05-08	7.56	7.64	7.39	7.43	4351600	32721352.00
2024-05-09	7.43	7.59	7.43	7.53	3149300	23788836.00
2024-05-10	7.55	7.55	7.30	7.41	3310500	24538604.00
2024-05-13	7.35	7.38	7.14	7.16	3138503	22738464.00
2024-05-14	7.17	7.38	7.17	7.31	3151100	23104242.00
2024-05-15	7.33	7.38	7.23	7.27	2884103	21131928.00
2024-05-16	7.34	7.53	7.31	7.49	3637700	27176232.00
2024-05-17	7.55	7.56	7.31	7.41	4554300	33852472.00
2024-05-20	7.40	7.45	7.31	7.34	3149900	23303172.00
2024-05-21	7.43	7.43	7.21	7.31	1949900	14245713.00
2024-05-22	7.36	7.48	7.32	7.44	2820700	21006492.00
2024-05-23	7.36	7.42	7.15	7.19	3524000	25590008.00
2024-05-24	7.19	7.25	7.13	7.15	2097500	15106620.00
2024-05-27	7.22	7.24	7.02	7.18	2857200	20375972.00
2024-05-28	7.18	7.21	7.04	7.05	3227200	23037812.00
2024-05-29	7.07	7.14	6.95	7.02	2413700	17025996.00
2024-05-30	6.88	7.08	6.88	6.92	2512400	17579936.00
2024-05-31	6.97	6.99	6.88	6.91	2285300	15877528.00
2024-06-03	6.97	6.97	6.68	6.78	2875200	19572688.00
2024-06-04	6.73	6.76	6.56	6.64	2556500	16989738.00
2024-06-05	6.67	6.68	6.31	6.34	3593900	23234820.00
2024-06-06	6.41	6.43	5.88	6.06	5557700	34022916.00
2024-06-07	6.11	6.67	6.11	6.50	12174300	78979280.00
2024-06-11	6.21	6.77	6.16	6.66	12114700	80009192.00
2024-06-12	6.66	7.06	6.60	6.99	9549600	66099240.00
2024-06-13	6.99	7.13	6.75	6.98	7016589	48656244.00
2024-06-14	7.01	7.34	6.95	7.24	8785089	63144464.00
2024-06-17	7.35	7.45	7.07	7.13	8673235	63004368.00
2024-06-18	7.14	7.54	7.14	7.41	7542900	55554884.00
2024-06-19	7.37	7.47	7.33	7.35	3653300	27055688.00
2024-06-20	7.36	7.41	7.13	7.19	4256300	30949136.00
2024-06-21	7.18	7.40	7.10	7.28	4001100	29059666.00
2024-06-24	7.27	7.35	7.18	7.27	2917124	21175848.00
2024-06-25	7.29	7.65	7.28	7.32	5265300	39340836.00
2024-06-26	7.22	7.68	7.18	7.65	6079000	45319276.00
2024-06-27	7.54	7.78	7.54	7.64	4074500	31244228.00
2024-06-28	7.62	7.82	7.60	7.74	3918400	30348940.00
2024-07-01	7.75	7.78	7.41	7.57	4283800	32404316.00
2024-07-02	7.56	7.75	7.54	7.72	4463000	34286744.00
2024-07-03	7.69	7.86	7.64	7.85	5240441	40896768.00
2024-07-04	7.86	7.94	7.73	7.84	5115350	40109364.00
2024-07-05	7.81	8.05	7.76	8.05	5530300	44113200.00
2024-07-08	8.01	8.13	7.93	7.97	4404200	35357944.00
2024-07-09	7.94	8.03	7.17	7.17	8222500	60868684.00
2024-07-10	7.33	7.89	7.32	7.89	14073206	107776696.00
2024-07-11	7.89	8.19	7.74	8.04	13646006	108728928.00
2024-07-12	7.97	8.42	7.94	8.35	9079700	74808944.00
2024-07-15	8.35	8.62	8.22	8.53	8225800	69679168.00
2024-07-16	8.55	8.81	8.45	8.80	5845635	50786584.00
2024-07-17	8.77	8.89	8.58	8.76	6418300	56246596.00
2024-07-18	8.76	9.03	8.69	9.02	6825700	60635052.00
2024-07-19	8.99	9.29	8.96	9.22	4992589	45651060.00
2024-07-22	9.20	9.24	8.30	8.30	14758400	124622648.00
2024-07-23	8.37	8.38	7.60	7.82	12710200	100771288.00
2024-07-24	7.86	8.60	7.82	8.19	23888292	199836208.00
2024-07-25	8.10	8.14	7.64	7.86	16038541	126247848.00
2024-07-26	7.87	8.19	7.83	8.14	6558041	52454860.00
2024-07-29	8.21	8.69	8.16	8.48	7358900	62243588.00
2024-07-30	8.61	8.61	8.27	8.36	8382500	70668232.00
2024-07-31	8.40	8.44	7.79	8.00	10656000	85529408.00
2024-08-01	7.94	8.07	7.85	7.89	6203300	49319744.00
2024-08-02	7.88	8.02	7.84	7.95	6176800	49128680.00
2024-08-05	7.93	8.03	7.15	7.15	6964600	52177724.00
2024-08-06	6.43	6.84	6.43	6.80	19690900	129346616.00
2024-08-07	6.49	6.74	6.43	6.63	15729839	103202584.00
2024-08-08	6.49	7.29	6.44	7.29	16783940	115337824.00
2024-08-09	7.50	7.61	6.91	7.21	17490000	125891976.00
2024-08-12	7.12	7.16	6.70	6.72	10519900	72462592.00
2024-08-13	6.72	6.82	6.64	6.79	5265335	35481516.00
2024-08-14	6.79	6.92	6.75	6.87	4190100	28708054.00
2024-08-15	7.44	7.46	6.62	6.73	10062399	68510224.00
2024-08-16	6.74	6.74	6.47	6.49	8546300	56128628.00
2024-08-19	6.42	6.54	6.34	6.45	4446140	28733280.00
2024-08-20	6.38	6.44	6.22	6.27	4841300	30490660.00
2024-08-21	6.26	6.31	6.20	6.26	2997040	18764648.00
2024-08-22	6.21	6.34	6.18	6.19	3741200	23501900.00
2024-08-23	6.19	6.24	6.10	6.19	3111163	19244368.00
2024-08-26	6.24	6.27	6.09	6.21	2962700	18417016.00
2024-08-27	6.19	6.20	6.06	6.09	2927800	17923186.00
2024-08-28	6.13	6.27	6.07	6.13	4398056	27115456.00
2024-08-29	6.05	6.19	6.00	6.15	4076400	24962776.00
2024-08-30	6.11	6.38	6.11	6.30	5196900	32625354.00
2024-09-02	6.27	6.32	6.10	6.11	4393500	27345576.00
2024-09-03	6.09	6.14	5.99	6.13	3746400	22795090.00
2024-09-04	6.10	6.11	5.97	5.97	5356400	32343200.00
2024-09-05	6.01	6.20	5.99	6.16	5723600	34881448.00
2024-09-06	6.18	6.32	6.10	6.14	5803500	36015120.00
2024-09-09	6.09	6.29	6.00	6.22	4678200	29055600.00
2024-09-10	6.22	6.25	6.01	6.12	5039100	30681892.00
2024-09-11	6.09	6.10	6.00	6.02	3683200	22270212.00
2024-09-12	6.03	6.10	6.01	6.03	2704600	16403283.00
2024-09-13	6.04	6.06	5.90	5.92	2643700	15793901.00
2024-09-18	5.93	5.95	5.74	5.92	3267800	19094984.00
2024-09-19	5.92	6.23	5.92	6.19	5036700	30990552.00
2024-09-20	6.17	6.22	6.10	6.21	3333500	20570796.00
2024-09-23	6.22	6.24	6.14	6.15	1925400	11933224.00
2024-09-24	6.20	6.40	6.19	6.40	5136400	32418452.00
2024-09-25	6.42	6.60	6.33	6.37	6454000	41765656.00
2024-09-26	6.34	6.69	6.34	6.69	7499900	48926328.00
2024-09-27	6.79	6.97	6.71	6.94	6077800	41707668.00
2024-09-30	7.19	7.53	6.86	7.45	15340205	111227152.00
2024-10-08	8.14	8.19	7.15	7.50	16390200	125478712.00
2024-10-09	7.36	7.36	6.75	6.75	9852600	68502152.00
2024-10-10	6.75	7.13	6.66	6.93	7722107	53235692.00
2024-10-11	6.97	7.13	6.79	6.92	5931449	41278024.00
2024-10-14	6.89	6.91	6.69	6.90	5429937	37074268.00
2024-10-15	6.80	7.00	6.75	6.79	4694400	32281598.00
2024-10-16	6.69	6.83	6.64	6.81	4088300	27639588.00
2024-10-17	6.81	6.92	6.59	6.62	5269700	35501108.00
2024-10-18	6.64	6.86	6.58	6.76	5817025	39234020.00
2024-10-21	6.76	6.81	6.67	6.72	4638900	31296228.00
2024-10-22	6.74	6.91	6.69	6.90	6128137	42002432.00
2024-10-23	6.91	7.15	6.89	6.97	6798137	47734592.00
2024-10-24	6.94	7.04	6.87	6.90	3992847	27731836.00
2024-10-25	6.89	7.05	6.89	6.98	4277200	29894254.00
2024-10-28	6.98	7.22	6.98	7.22	5730900	41027960.00
2024-10-29	7.18	7.28	6.95	6.99	6693600	47224816.00
2024-10-30	6.98	7.10	6.88	6.96	4728800	33149570.00
2024-10-31	6.90	6.96	6.79	6.84	4921600	33768196.00
2024-11-01	6.81	6.81	6.59	6.68	6958200	46727572.00
2024-11-04	6.68	6.84	6.63	6.84	4412700	29865236.00
2024-11-05	6.84	6.96	6.80	6.96	5861800	40390988.00
2024-11-06	6.96	7.02	6.87	6.97	5051300	35167092.00
2024-11-07	6.95	7.44	6.92	7.39	11511815	84053128.00
2024-11-08	7.39	7.42	7.15	7.21	8405400	60988488.00
2024-11-11	7.13	7.20	7.03	7.17	5147400	36559112.00
2024-11-12	7.17	7.33	7.09	7.20	6814800	49380048.00
2024-11-13	7.18	7.27	7.00	7.13	5251300	37390016.00
2024-11-14	7.18	7.18	6.84	6.86	4926800	34413368.00
2024-11-15	6.88	7.02	6.77	6.78	4632107	31978560.00
2024-11-18	6.79	6.90	6.59	6.63	5880800	39513884.00
2024-11-19	6.64	6.76	6.58	6.76	4420600	29454928.00
2024-11-20	6.76	6.95	6.71	6.94	4990207	34306728.00
2024-11-21	6.94	6.96	6.82	6.93	3465500	23950184.00
2024-11-22	6.93	6.98	6.65	6.66	3917200	26890776.00
2024-11-25	6.69	6.85	6.64	6.81	3842100	25997676.00
2024-11-26	6.81	6.96	6.78	6.89	3681700	25453880.00
2024-11-27	6.92	6.98	6.62	6.96	5109500	34728216.00
2024-11-28	6.97	7.17	6.95	7.12	6870000	48930728.00
2024-11-29	7.11	7.28	7.07	7.22	7174300	51771904.00
2024-12-02	7.22	7.45	7.19	7.41	7375700	54432652.00
2024-12-03	7.39	7.45	7.32	7.37	5729900	42338096.00
2024-12-04	7.31	8.11	7.23	8.11	17037500	135557056.00
2024-12-05	8.19	8.76	7.80	8.46	39153490	322614848.00
2024-12-06	8.06	8.11	7.74	7.86	26829620	211812064.00
2024-12-09	7.79	7.91	7.65	7.71	16579616	128325056.00
2024-12-10	7.98	8.41	7.81	8.12	30408700	247402208.00
2024-12-11	8.05	8.51	8.00	8.45	24766900	206416928.00
2024-12-12	8.34	9.30	8.19	9.04	35926000	315902528.00
2024-12-13	8.74	8.74	8.39	8.43	23832400	204166864.00
2024-12-16	8.39	9.18	8.32	8.65	22973800	200677216.00
2024-12-17	8.41	8.49	7.91	7.97	18434490	150020720.00
2024-12-18	7.96	7.98	7.74	7.89	11070600	86985464.00
2024-12-19	7.74	7.85	7.54	7.69	7754990	59483856.00
2024-12-20	7.84	7.89	7.62	7.70	6032600	46882128.00
2024-12-23	7.66	7.70	7.17	7.23	7689100	56644092.00
2024-12-24	7.28	7.33	7.09	7.21	5420100	38906072.00
2024-12-25	7.18	7.49	6.83	7.21	9616000	68724056.00
2024-12-26	7.21	7.67	7.21	7.63	10620700	79855392.00
2024-12-27	7.54	7.87	7.40	7.72	10268400	79241392.00
2024-12-30	7.72	7.77	7.39	7.66	7400600	55874224.00
2024-12-31	7.64	8.19	7.55	7.63	11520500	90157464.00
2025-01-02	7.55	8.08	7.55	7.84	14983600	118139672.00
2025-01-03	7.83	7.83	7.06	7.06	12623100	91148560.00
2025-01-06	7.02	7.04	6.59	6.66	8215000	55570384.00
2025-01-07	6.66	6.84	6.44	6.78	7202000	47619864.00
2025-01-08	6.72	7.17	6.63	7.07	8611200	59427664.00
2025-01-09	6.94	7.09	6.86	6.94	5738100	39978792.00
2025-01-10	6.94	6.95	6.57	6.57	4699900	31629152.00
2025-01-13	6.58	6.69	6.29	6.69	4705800	30779488.00
2025-01-14	6.68	7.11	6.65	7.09	6785200	47200376.00
2025-01-15	7.17	7.19	6.99	7.07	5841900	41434216.00
2025-01-16	7.09	7.31	7.08	7.17	5297800	38135008.00
2025-01-17	7.17	7.21	7.01	7.07	3907600	27827284.00
2025-01-20	7.07	7.27	6.90	7.23	4042100	28969192.00
2025-01-21	7.25	7.54	7.15	7.50	7345300	54286872.00
2025-01-22	7.41	7.60	7.24	7.29	6574600	48444176.00
2025-01-23	7.38	7.41	7.23	7.36	6311600	46343480.00
2025-01-24	7.60	7.60	6.87	6.99	11658759	82190408.00
2025-01-27	6.99	7.07	6.89	6.92	5524700	38616224.00
2025-02-05	6.91	6.94	6.77	6.87	3630200	24836760.00
2025-02-06	6.89	6.93	6.77	6.93	3942099	27078792.00
2025-02-07	6.92	7.07	6.89	6.98	3736558	26168780.00
2025-02-10	7.00	7.21	6.99	7.20	7916200	56198288.00
2025-02-11	7.22	7.26	7.04	7.15	4954700	35315372.00
2025-02-12	7.17	7.17	6.99	7.09	4069200	28837134.00
2025-02-13	7.13	7.17	7.02	7.07	4056050	28835204.00
2025-02-14	7.07	7.10	6.99	7.06	3246800	22873304.00
2025-02-17	7.01	7.57	6.99	7.31	9826879	71409536.00
2025-02-18	7.23	7.34	7.14	7.27	6518700	47147652.00
2025-02-19	7.23	7.31	7.14	7.28	4294500	31236472.00
2025-02-20	7.31	7.35	7.22	7.23	3822100	27876042.00
2025-02-21	7.23	7.24	7.00	7.12	4931700	34999320.00
2025-02-24	7.09	7.16	7.03	7.11	3036192	21579256.00
2025-02-25	7.11	7.23	7.05	7.10	3063600	21916886.00
2025-02-26	7.09	7.17	7.07	7.14	2897100	20634748.00
2025-02-27	7.15	7.32	7.10	7.25	8934092	64744484.00
2025-02-28	7.25	7.28	7.00	7.00	5376600	38357296.00
2025-03-03	7.01	7.24	6.98	7.17	4263000	30541758.00
2025-03-04	7.15	7.39	7.12	7.37	7739500	56569872.00
2025-03-05	7.39	7.52	7.25	7.39	6713000	49449352.00
2025-03-06	7.38	7.44	7.31	7.39	4927500	36395672.00
2025-03-07	7.39	7.66	7.34	7.53	9377792	70728920.00
2025-03-10	7.48	7.70	7.31	7.60	6606400	49738496.00
2025-03-11	7.49	8.05	7.44	7.83	10340700	80990656.00
2025-03-12	7.84	7.87	7.64	7.66	6501400	50452884.00
2025-03-13	7.68	7.69	7.46	7.67	5754200	43517576.00
2025-03-14	7.81	7.85	7.62	7.79	5578900	43200880.00
2025-03-17	7.87	7.98	7.76	7.80	4691500	36883284.00
2025-03-18	7.77	7.86	7.69	7.84	4007100	31182966.00
2025-03-19	7.78	7.91	7.73	7.75	2693700	21038328.00
2025-03-20	7.77	7.77	7.63	7.65	2628200	20231632.00
2025-03-21	7.69	7.70	7.53	7.55	2359400	17902196.00
2025-03-24	7.57	7.61	7.29	7.44	2828500	21067084.00
2025-03-25	7.42	7.46	7.32	7.38	2681300	19828380.00
2025-03-26	7.34	7.57	7.29	7.50	3387800	25402926.00
2025-03-27	7.53	7.83	7.32	7.60	5160900	39098752.00
2025-03-28	7.60	7.71	7.46	7.67	4163100	31602744.00
2025-03-31	7.65	7.65	7.39	7.51	3749500	28162268.00
2025-04-01	7.51	7.83	7.41	7.68	7993000	61367048.00
2025-04-02	7.60	7.80	7.60	7.68	3461400	26738136.00
2025-04-03	7.64	7.81	7.54	7.59	4890700	37573248.00
2025-04-07	7.22	7.30	6.83	7.00	7789300	54019636.00
2025-04-08	7.21	7.70	7.05	7.51	17882900	135146208.00
2025-04-09	7.67	8.14	7.03	7.87	26195200	199393952.00
2025-04-10	7.56	8.49	7.56	8.32	30000159	243895664.00
2025-04-11	7.99	8.88	7.99	8.55	32048300	270963776.00
2025-04-14	8.42	9.41	8.42	9.41	9571941	87882360.00
2025-04-15	10.35	10.35	10.35	10.35	15357789	159106688.00
2025-04-16	10.25	11.39	9.99	11.39	43796937	481063872.00
2025-04-17	12.28	12.53	12.02	12.53	9251241	114854272.00
2025-04-18	13.54	13.78	12.79	13.78	36926441	500464640.00
2025-04-21	13.78	15.16	13.11	15.16	53119100	777712448.00
2025-04-22	13.65	16.66	13.64	15.93	52010282	760712384.00
2025-04-23	14.34	14.34	14.34	14.34	4056500	58210776.00
2025-04-24	12.91	15.47	12.91	14.46	46477222	621495424.00
2025-04-25	13.04	14.25	13.01	13.01	24228333	324386976.00
2025-04-28	11.79	12.33	11.71	11.71	20129300	237633328.00
2025-04-29	10.76	12.30	10.54	11.20	37930521	419526400.00
2025-04-30	10.79	10.96	10.08	10.09	25854200	269467456.00
2025-05-06	10.37	10.61	10.22	10.61	26634941	278204576.00
2025-05-07	11.03	11.37	10.47	11.28	32588251	354596608.00
2025-05-08	10.89	11.78	10.67	11.29	34743551	390425568.00
2025-05-09	10.99	11.19	10.39	10.55	24174500	259943136.00
2025-05-12	10.84	10.84	10.51	10.64	16094390	171601824.00
2025-05-13	10.77	11.19	10.69	10.92	24952551	273297504.00
2025-05-14	10.85	11.86	10.59	11.61	36153000	409517728.00
2025-05-15	11.17	12.21	10.92	12.09	41764061	484272736.00
2025-05-16	12.10	13.30	11.79	13.30	43130691	537788160.00
2025-05-19	13.64	14.63	13.64	14.63	45458980	648379008.00
2025-05-20	14.93	15.57	13.59	14.27	48428219	711806976.00
2025-05-21	14.13	14.48	13.19	13.44	33207220	457058880.00
2025-05-22	12.84	13.81	12.79	12.89	31388890	412153344.00
2025-05-23	12.88	12.89	12.29	12.33	20265731	253350480.00
2025-05-26	12.32	13.25	12.06	12.85	21459795	270320416.00
2025-05-27	12.56	13.15	12.34	12.77	23495785	300233696.00
2025-05-28	12.65	14.05	12.65	14.05	38109254	515024384.00
2025-05-29	14.08	15.39	13.89	14.65	48449785	705854016.00
2025-05-30	13.93	13.93	13.18	13.18	24235190	323912992.00
2025-06-03	12.33	13.02	12.33	12.45	23659831	298558304.00
2025-06-04	12.33	13.59	12.00	13.13	31123000	388638656.00
2025-06-05	12.71	12.84	12.15	12.18	24682680	307091744.00
2025-06-06	11.90	12.10	11.44	11.47	19423710	226803456.00
2025-06-09	11.47	11.98	11.47	11.95	17147310	202535792.00
2025-06-10	11.93	12.39	11.73	12.15	20244379	243271968.00
2025-06-11	12.00	12.03	11.70	11.71	12817100	151557744.00
2025-06-12	11.68	11.85	11.61	11.74	8981700	105066688.00
2025-06-13	11.69	11.75	11.34	11.45	9024400	103736840.00
2025-06-16	11.18	11.52	11.18	11.38	6847800	77805184.00
2025-06-17	11.25	11.60	11.22	11.31	7356900	83827680.00
2025-06-18	11.22	11.31	10.95	11.04	8167221	90269920.00
2025-06-19	11.03	11.07	10.71	10.74	8220195	89234400.00
2025-06-20	10.71	10.82	10.55	10.64	5683700	60603020.00
2025-06-23	10.48	10.84	10.46	10.81	6085500	65316948.00
2025-06-24	10.55	10.85	10.35	10.76	14770500	158013408.00
2025-06-25	11.15	11.65	10.87	10.90	21336016	236371296.00
2025-06-26	10.61	11.49	10.61	11.13	21407377	235091776.00
2025-06-27	10.91	10.96	10.73	10.77	13979900	151474544.00
2025-06-30	10.86	10.95	10.66	10.90	9867500	107007704.00
2025-07-01	10.84	11.05	10.74	11.05	10239239	111856136.00
2025-07-02	11.05	11.40	10.90	11.24	17851679	199762624.00
2025-07-03	11.08	11.15	10.88	10.93	10076161	110700824.00
2025-07-04	10.90	10.95	10.77	10.77	7114661	77163968.00
2025-07-07	10.71	10.94	10.68	10.92	5371561	58454068.00
2025-07-08	10.94	11.18	10.88	10.96	6571000	72233296.00
2025-07-09	10.86	11.17	10.83	10.94	10617300	116668384.00
2025-07-10	10.83	11.10	10.70	10.91	8651500	94411688.00
2025-07-11	10.91	10.96	10.62	10.90	9005900	97250304.00
2025-07-14	10.85	10.89	10.76	10.78	4405300	47633308.00
2025-07-15	10.72	10.74	10.30	10.44	7510360	78604192.00
2025-07-16	10.40	10.62	10.40	10.62	4634000	48933560.00
2025-07-17	10.56	11.68	10.56	11.68	14094761	163027232.00
2025-07-18	11.95	12.73	11.56	12.07	46103482	554525440.00
2025-07-21	11.94	12.00	11.58	11.79	25867100	303904096.00
2025-07-22	11.75	11.77	11.38	11.47	16576151	191026400.00
2025-07-23	11.38	11.64	11.27	11.32	13790700	157617808.00
2025-07-24	11.32	11.58	11.25	11.43	14389500	164845808.00
2025-07-25	11.39	11.39	11.12	11.14	11625400	130135904.00
2025-07-28	11.08	11.26	11.06	11.21	7225569	80769984.00
2025-07-29	11.24	11.25	10.84	10.94	9665500	105910296.00
2025-07-30	10.85	11.36	10.83	11.10	15682500	173591920.00
2025-07-31	11.10	11.15	10.69	10.73	12288400	133475232.00
2025-08-01	10.77	10.88	10.69	10.80	6727500	72376504.00
2025-08-04	10.70	10.80	10.60	10.80	5158200	55313416.00
2025-08-05	10.73	10.97	10.72	10.97	7281000	79475680.00
2025-08-06	10.97	10.98	10.76	10.92	6975800	75722792.00
2025-08-07	10.85	11.02	10.81	10.88	5671500	61793184.00
2025-08-08	10.90	11.23	10.88	10.99	9299379	102297480.00
2025-08-11	10.99	12.09	10.86	12.09	12962400	152072384.00
2025-08-12	13.30	13.30	13.30	13.30	4364300	58045192.00
2025-08-13	14.63	14.63	13.60	14.63	58942520	845411968.00
2025-08-14	13.50	13.95	13.17	13.17	32624520	436321056.00
2025-08-15	12.15	12.51	12.02	12.20	36922289	452454688.00
2025-08-18	12.01	12.40	12.01	12.24	24701589	302133056.00
2025-08-19	12.39	12.84	12.22	12.43	29538720	369664800.00
2025-08-20	12.18	13.67	12.13	13.67	34911580	453093728.00
2025-08-21	13.65	14.88	13.23	13.96	48985531	687541824.00
2025-08-22	13.93	13.98	13.26	13.44	30245641	408332800.00
2025-08-25	13.33	14.48	13.15	13.89	36768300	505137024.00
2025-08-26	13.48	15.28	13.46	15.28	37874620	539956736.00
2025-08-27	15.51	16.81	14.89	16.81	28461800	458297344.00
2025-08-28	18.27	18.49	17.05	18.49	25458010	452763872.00
2025-08-29	18.81	20.34	18.02	18.05	59633410	1172362496.00
2025-09-01	17.53	19.86	17.53	19.86	46535794	897168192.00
2025-09-02	19.41	21.52	18.51	18.84	55770632	1115062912.00
2025-09-03	18.79	20.72	18.79	19.95	48954163	990011904.00
2025-09-04	19.91	21.95	18.62	21.95	50348631	1032385280.00
2025-09-05	19.76	20.56	19.76	19.76	39159039	777069760.00
2025-09-08	18.68	19.81	17.85	18.00	41093988	774687616.00
2025-09-09	17.47	18.86	16.57	18.41	39266300	699406080.00
2025-09-10	17.81	18.74	17.24	17.98	32965144	594062336.00
2025-09-11	17.81	19.78	17.60	19.78	43642444	810488384.00
2025-09-12	19.51	21.70	19.51	20.93	48870545	997199936.00
2025-09-15	20.11	20.99	19.40	20.29	35831000	723454208.00
2025-09-16	20.27	20.44	18.62	19.09	27982745	544820480.00
2025-09-17	19.30	19.31	18.19	18.25	22042100	410900608.00
2025-09-18	18.07	19.50	17.58	18.95	28215400	528605248.00
2025-09-19	18.40	18.45	17.16	17.26	25206162	445608288.00
2025-09-22	16.94	17.00	16.30	16.55	20210000	334907232.00
2025-09-23	16.60	16.80	15.96	16.24	15114500	245336112.00
2025-09-24	16.12	16.40	16.00	16.17	11530745	186356224.00
2025-09-25	16.16	16.96	16.13	16.34	18967300	315057280.00
2025-09-26	16.17	16.46	15.70	15.72	15711400	251867088.00
2025-09-29	15.53	15.78	15.40	15.73	14392745	224699984.00
2025-09-30	15.67	15.99	15.51	15.71	10581500	166752512.00
2025-10-23	22.39	22.39	22.39	22.39	0	0.00
数据来源:通达信
