001267 汇绿生态 日线 前复权
      日期	    开盘	    最高	    最低	    收盘	    成交量	    成交额
2021-11-17	8.48	8.48	5.80	5.80	58682546	408221152.00
2021-11-18	5.80	6.40	5.80	6.40	89964043	563169984.00
2021-11-19	6.36	7.06	6.07	6.43	112634985	769636544.00
2021-11-22	5.94	6.12	5.79	6.00	70894996	437365056.00
2021-11-23	5.88	5.91	5.66	5.74	57977206	346679264.00
2021-11-24	5.67	5.93	5.53	5.82	65818193	389899392.00
2021-11-25	5.71	5.86	5.66	5.67	38668737	229957344.00
2021-11-26	5.60	5.68	5.54	5.55	31587918	183204048.00
2021-11-29	5.31	5.46	5.31	5.35	25819123	144464480.00
2021-11-30	5.36	5.48	5.35	5.38	22093842	124205024.00
2021-12-01	5.37	5.53	5.31	5.47	27784062	156407472.00
2021-12-02	5.43	5.44	5.34	5.34	21729603	121836664.00
2021-12-03	5.33	5.37	5.24	5.27	20118106	110649536.00
2021-12-06	5.26	5.27	5.13	5.14	19454303	105175240.00
2021-12-07	5.17	5.33	5.12	5.30	23426298	127277104.00
2021-12-08	5.25	5.40	5.24	5.35	22073708	122595528.00
2021-12-09	5.31	5.40	5.27	5.37	20954658	116210704.00
2021-12-10	5.35	5.93	5.31	5.70	63341819	377405408.00
2021-12-13	5.62	5.83	5.44	5.68	48470435	282049760.00
2021-12-14	5.73	5.97	5.55	5.94	56972778	342531712.00
2021-12-15	5.87	6.56	5.86	6.56	71833209	464896992.00
2021-12-16	6.58	7.24	6.42	7.24	54961420	393949056.00
2021-12-17	7.99	7.99	7.86	7.99	27436904	225209088.00
2021-12-20	7.99	8.81	7.22	8.81	98020761	808129280.00
2021-12-21	9.69	9.71	9.17	9.71	66195599	652713408.00
2021-12-22	10.70	10.70	8.81	10.70	102016988	1048335488.00
2021-12-23	10.68	11.17	9.61	10.33	95710302	988831296.00
2021-12-24	10.37	10.37	9.28	9.28	75718721	741485632.00
2021-12-27	8.65	8.66	8.33	8.33	39317690	337695200.00
2021-12-28	7.78	8.10	7.48	7.48	77050458	611048768.00
2021-12-29	7.33	7.51	7.13	7.34	69723392	524192032.00
2021-12-30	7.15	7.47	7.10	7.20	57012697	426697568.00
2021-12-31	7.27	7.33	7.01	7.05	47139144	345608832.00
2022-01-04	7.06	7.15	6.96	7.11	32972563	240817488.00
2022-01-05	7.11	7.18	6.80	7.09	40228214	289977536.00
2022-01-06	6.98	7.45	6.98	7.24	59968471	448923936.00
2022-01-07	7.16	7.48	7.04	7.24	46282838	345042656.00
2022-01-10	7.21	7.21	6.82	7.00	37228202	268980416.00
2022-01-11	6.94	7.03	6.57	6.60	44131086	308384032.00
2022-01-12	6.61	6.82	6.57	6.73	26051536	180419536.00
2022-01-13	6.69	6.81	6.65	6.74	21657389	150368112.00
2022-01-14	6.68	6.75	6.59	6.66	19083076	131257352.00
2022-01-17	6.65	6.72	6.52	6.61	17304565	118338904.00
2022-01-18	6.63	6.72	6.49	6.68	26792477	183182640.00
2022-01-19	6.64	6.65	6.33	6.40	25002484	167694832.00
2022-01-20	6.40	6.51	6.20	6.34	26513562	173992816.00
2022-01-21	6.29	6.33	6.09	6.12	16780000	107721048.00
2022-01-24	6.11	6.20	6.08	6.14	10181072	64736936.00
2022-01-25	6.15	6.18	5.85	5.89	14971700	92957640.00
2022-01-26	5.90	6.06	5.77	6.00	15872645	97222944.00
2022-01-27	5.94	5.97	5.79	5.81	11550403	70157632.00
2022-01-28	5.82	5.94	5.79	5.87	10670086	64941096.00
2022-02-07	5.92	6.38	5.91	6.16	25907216	165006272.00
2022-02-08	6.11	6.62	6.11	6.53	34110700	224061072.00
2022-02-09	6.54	6.54	6.27	6.43	28403752	187903888.00
2022-02-10	6.41	6.63	6.33	6.55	31694919	213285904.00
2022-02-11	6.53	6.86	6.45	6.59	43129535	297618688.00
2022-02-14	6.35	6.73	6.26	6.47	28187090	188521280.00
2022-02-15	6.40	6.48	6.24	6.29	24567419	160796112.00
2022-02-16	6.30	6.94	6.29	6.94	34883609	245370512.00
2022-02-17	7.37	7.66	7.28	7.66	46059338	356531456.00
2022-02-18	8.16	8.45	7.45	7.61	123190467	1010668480.00
2022-02-21	6.99	7.52	6.99	7.25	80111198	599809664.00
2022-02-22	7.13	7.52	6.90	6.94	74521518	553318144.00
2022-02-23	6.85	7.07	6.80	6.96	54448938	387654976.00
2022-02-24	6.86	6.92	6.28	6.37	53397811	364893440.00
2022-02-25	6.44	6.53	6.32	6.39	27463360	182458496.00
2022-02-28	6.36	6.38	6.11	6.19	23258550	148984160.00
2022-03-01	6.21	6.27	6.16	6.25	18084053	116401248.00
2022-03-02	6.19	6.46	6.15	6.38	24903432	162549888.00
2022-03-03	6.39	6.40	6.31	6.38	19336760	127002496.00
2022-03-04	6.32	6.33	6.14	6.17	20860863	133834504.00
2022-03-07	6.12	6.21	6.09	6.14	12644950	80476040.00
2022-03-08	6.12	6.14	5.84	5.92	15761400	97730360.00
2022-03-09	5.95	6.14	5.68	6.12	25187972	156783984.00
2022-03-10	6.21	6.25	6.03	6.05	20080550	127162888.00
2022-03-11	5.95	6.04	5.81	6.03	16304706	100126856.00
2022-03-14	5.94	6.06	5.84	5.87	10407350	64169448.00
2022-03-15	5.85	6.01	5.60	5.63	16561740	99950928.00
2022-03-16	5.68	5.83	5.50	5.76	18929236	111545144.00
2022-03-17	5.82	5.92	5.79	5.81	16215468	98474352.00
2022-03-18	5.78	5.92	5.76	5.89	13815623	84123880.00
2022-03-21	5.89	6.00	5.86	5.96	14890663	91688936.00
2022-03-22	5.93	6.17	5.85	6.17	28606250	178867728.00
2022-03-23	6.17	6.17	6.04	6.06	18327698	115557216.00
2022-03-24	6.00	6.03	5.89	5.90	13407960	82547088.00
2022-03-25	5.90	5.96	5.84	5.86	10591270	64887940.00
2022-03-28	5.82	5.95	5.74	5.89	9291199	56403628.00
2022-03-29	5.91	5.93	5.76	5.79	10179176	61411136.00
2022-03-30	5.86	5.88	5.78	5.86	8858988	53585880.00
2022-03-31	5.88	6.12	5.84	5.95	15966227	98931536.00
2022-04-01	5.90	5.93	5.81	5.84	11087750	67234344.00
2022-04-06	5.84	5.97	5.79	5.94	12077701	73987624.00
2022-04-07	5.92	6.02	5.83	5.88	11270530	69048456.00
2022-04-08	5.88	6.13	5.86	6.13	32791139	205484128.00
2022-04-11	6.09	6.16	5.96	6.07	22364503	140110528.00
2022-04-12	6.02	6.03	5.80	5.96	18454034	112764688.00
2022-04-13	5.91	5.91	5.76	5.76	15260700	92155744.00
2022-04-14	5.77	5.81	5.71	5.76	11193100	66892572.00
2022-04-15	5.69	5.72	5.29	5.34	18074100	103256192.00
2022-04-18	5.19	5.35	5.15	5.30	7969000	43645284.00
2022-04-19	5.28	5.51	5.26	5.45	9671100	54163584.00
2022-04-20	5.41	5.45	5.24	5.28	8415080	46800132.00
2022-04-21	5.24	5.24	4.98	5.02	10620986	56611040.00
2022-04-22	4.97	5.12	4.89	5.05	7985000	41807144.00
2022-04-25	4.92	4.98	4.57	4.59	14413202	71825288.00
2022-04-26	4.58	4.67	4.39	4.41	10548006	50284956.00
2022-04-27	4.41	4.53	4.24	4.52	12401006	57390840.00
2022-04-28	4.48	4.99	4.44	4.99	11401396	57918808.00
2022-04-29	5.01	5.22	4.90	5.07	30574696	160952176.00
2022-05-05	5.02	5.05	4.92	4.95	16610880	86468824.00
2022-05-06	4.79	4.90	4.74	4.80	11235305	56662756.00
2022-05-09	4.90	5.30	4.90	5.30	6226011	33970224.00
2022-05-10	5.68	5.85	5.43	5.61	58327646	342816704.00
2022-05-11	5.48	5.65	5.37	5.37	45822261	260933504.00
2022-05-12	5.34	5.71	5.34	5.52	35841857	205492384.00
2022-05-13	5.52	5.53	5.31	5.42	21134964	118486784.00
2022-05-16	5.39	5.50	5.37	5.46	14804130	83633232.00
2022-05-17	5.46	5.49	5.09	5.30	18899887	103219880.00
2022-05-18	5.33	5.40	5.18	5.27	11904686	65894928.00
2022-05-19	5.16	5.33	5.15	5.32	11500975	63170684.00
2022-05-20	5.37	5.56	5.22	5.25	18305450	101737344.00
2022-05-23	5.22	5.27	5.18	5.24	10338950	56268504.00
2022-05-24	5.28	5.35	4.89	4.91	16170975	85821320.00
2022-05-25	4.97	5.10	4.91	5.04	8651150	44522532.00
2022-05-26	5.09	5.16	5.03	5.05	8109926	42370940.00
2022-05-27	5.10	5.10	4.97	5.01	7649850	39624136.00
2022-05-30	5.00	5.06	4.97	5.02	5370511	27694236.00
2022-05-31	5.01	5.01	4.88	4.96	7091449	36075820.00
2022-06-01	5.03	5.27	5.02	5.08	17534891	92440536.00
2022-06-02	5.05	5.08	4.94	5.01	9206161	47361284.00
2022-06-06	5.01	5.09	4.98	5.09	8671780	45145512.00
2022-06-07	5.10	5.13	4.99	5.07	7951350	41290352.00
2022-06-08	5.07	5.07	4.93	5.01	7920530	40794416.00
2022-06-09	5.01	5.01	4.92	4.93	5990399	30562232.00
2022-06-10	4.92	5.04	4.89	5.02	8397999	43199388.00
2022-06-13	5.01	5.02	4.93	4.96	5205300	26578188.00
2022-06-14	4.92	4.97	4.80	4.96	7545800	38044220.00
2022-06-15	4.98	5.04	4.95	4.98	8586888	44194408.00
2022-06-16	4.98	5.02	4.94	4.98	5740000	29445288.00
2022-06-17	4.96	5.02	4.91	4.96	5239588	26756484.00
2022-06-20	4.95	5.05	4.93	5.02	6868202	35421180.00
2022-06-21	5.04	5.16	4.98	5.04	9262486	48381944.00
2022-06-22	5.01	5.04	4.91	4.93	6077818	31031732.00
2022-06-23	4.93	4.96	4.88	4.95	5086730	25794000.00
2022-06-24	4.97	5.34	4.93	5.10	14104746	73954976.00
2022-06-27	5.06	5.12	5.03	5.06	11919518	62154272.00
2022-06-28	5.08	5.15	5.01	5.13	11199300	58807116.00
2022-06-29	5.12	5.22	5.08	5.08	11257432	59601260.00
2022-06-30	5.06	5.10	5.03	5.07	6628619	34610040.00
2022-07-01	5.10	5.11	5.02	5.04	5031460	26206850.00
2022-07-04	5.09	5.10	5.02	5.07	4016850	20886556.00
2022-07-05	5.04	5.06	4.93	5.00	6327400	32529028.00
2022-07-06	5.02	5.02	4.92	4.98	4379430	22332872.00
2022-07-07	4.98	4.98	4.94	4.95	3010930	15367193.00
2022-07-08	4.99	5.00	4.94	4.97	3400930	17438552.00
2022-07-11	4.98	4.99	4.90	4.95	3114085	15858369.00
2022-07-12	4.93	4.99	4.91	4.93	4301330	21923952.00
2022-07-13	4.92	5.13	4.92	5.05	9166895	47557876.00
2022-07-14	4.99	5.02	4.93	4.94	5696220	29081910.00
2022-07-15	4.92	4.95	4.73	4.74	9155602	45421928.00
2022-07-18	4.71	4.93	4.71	4.88	6863569	34375048.00
2022-07-19	4.88	4.92	4.86	4.91	4989840	25143528.00
2022-07-20	4.91	4.96	4.88	4.96	5025612	25444454.00
2022-07-21	4.98	4.99	4.91	4.92	3633850	18497294.00
2022-07-22	4.89	4.97	4.87	4.92	3866610	19612324.00
2022-07-25	4.94	4.97	4.89	4.91	3313860	16827584.00
2022-07-26	4.90	4.95	4.86	4.95	3871984	19609376.00
2022-07-27	4.93	4.98	4.91	4.92	2470288	12559471.00
2022-07-28	4.92	4.95	4.91	4.93	3245354	16486643.00
2022-07-29	4.95	4.95	4.87	4.89	3181200	16078317.00
2022-08-01	4.88	4.93	4.84	4.90	3333350	16742812.00
2022-08-02	4.88	4.88	4.55	4.64	8317463	40144964.00
2022-08-03	4.65	4.74	4.61	4.63	3863210	18684572.00
2022-08-04	4.64	4.70	4.62	4.70	2873997	13838973.00
2022-08-05	4.70	4.72	4.64	4.71	2695532	13006188.00
2022-08-08	4.70	4.73	4.68	4.72	2197700	10688942.00
2022-08-09	4.75	4.82	4.73	4.81	4486682	22109524.00
2022-08-10	4.82	4.83	4.73	4.77	3067143	15068949.00
2022-08-11	4.78	4.94	4.77	4.85	7092610	35523340.00
2022-08-12	4.85	4.94	4.83	4.89	4772050	24060734.00
2022-08-15	4.90	4.91	4.83	4.89	3295696	16545223.00
2022-08-16	4.91	5.05	4.90	5.05	8537593	43719020.00
2022-08-17	5.02	5.04	4.96	4.99	5011100	25752930.00
2022-08-18	5.00	5.00	4.87	4.92	4057663	20557606.00
2022-08-19	4.90	4.95	4.89	4.90	2553040	12924850.00
2022-08-22	4.90	4.93	4.87	4.92	2378338	12043586.00
2022-08-23	4.92	4.98	4.88	4.94	3113378	15790624.00
2022-08-24	4.95	4.96	4.81	4.85	4408560	22152912.00
2022-08-25	4.85	4.88	4.77	4.88	3461684	17274974.00
2022-08-26	4.86	4.89	4.81	4.81	2800100	13996907.00
2022-08-29	4.77	4.86	4.70	4.85	2717150	13439812.00
2022-08-30	4.85	4.97	4.85	4.93	6856000	34667564.00
2022-08-31	4.92	4.95	4.84	4.92	6429450	32486362.00
2022-09-01	4.96	5.01	4.89	4.95	8244280	42118312.00
2022-09-02	4.93	5.09	4.93	4.99	9158750	47304136.00
2022-09-05	4.99	5.08	4.99	5.03	5946200	30805264.00
2022-09-06	5.05	5.30	5.02	5.14	15390421	81409760.00
2022-09-07	5.15	5.42	5.10	5.34	25826263	140095968.00
2022-09-08	5.30	5.35	5.21	5.29	13008695	70692488.00
2022-09-09	5.29	5.35	5.26	5.34	9586593	52410372.00
2022-09-13	5.34	5.52	5.31	5.47	13106935	73435592.00
2022-09-14	5.35	5.50	5.33	5.46	13158150	73429568.00
2022-09-15	5.45	5.54	5.35	5.49	13599650	76105064.00
2022-09-16	5.50	5.55	5.38	5.39	12312900	69059976.00
2022-09-19	5.43	5.43	5.15	5.34	8516610	46836260.00
2022-09-20	5.40	5.45	5.27	5.35	9497588	52266104.00
2022-09-21	5.38	5.59	5.30	5.55	13329150	75057368.00
2022-09-22	5.56	5.93	5.51	5.85	33605311	198174704.00
2022-09-23	5.85	5.89	5.66	5.75	19293156	114544944.00
2022-09-26	5.84	6.34	5.70	6.18	44561110	282132736.00
2022-09-27	6.51	6.81	6.45	6.81	37103651	256722880.00
2022-09-28	7.51	7.51	7.18	7.51	45595104	345891168.00
2022-09-29	7.14	7.65	6.74	6.75	61023659	451312224.00
2022-09-30	6.83	7.44	6.79	7.44	59744903	444242208.00
2022-10-10	7.35	8.01	7.25	7.32	47347536	362607456.00
2022-10-11	7.20	7.90	7.20	7.70	34145761	267005632.00
2022-10-12	7.90	8.49	7.55	8.49	27028806	228328992.00
2022-10-13	9.05	9.22	7.85	8.76	52435328	468333856.00
2022-10-14	8.74	9.51	8.67	9.00	42359593	389637216.00
2022-10-17	8.77	9.00	8.09	8.13	40154706	339746016.00
2022-10-18	8.35	8.96	8.25	8.76	41056859	366677824.00
2022-10-19	8.43	8.78	8.14	8.43	32787371	282036608.00
2022-10-20	8.48	8.51	7.71	7.95	32765849	266840528.00
2022-10-21	7.95	7.95	7.28	7.71	27700829	213527408.00
2022-10-24	7.91	8.36	7.72	7.83	29014950	235327856.00
2022-10-25	7.76	8.06	7.06	7.80	24856200	195082448.00
2022-10-26	7.67	8.03	7.53	7.91	24859000	198789856.00
2022-10-27	7.75	8.04	7.45	7.76	25724820	201708640.00
2022-10-28	7.48	7.81	6.97	7.05	28031350	208356208.00
2022-10-31	6.65	7.04	6.33	6.33	31676754	209334720.00
2022-11-01	6.33	6.68	5.94	6.58	31896452	208377664.00
2022-11-02	6.63	6.85	6.49	6.60	16546293	112376192.00
2022-11-03	6.60	7.28	6.55	7.28	9727600	69958904.00
2022-11-04	7.28	7.94	7.25	7.40	43234309	330652608.00
2022-11-07	7.34	7.47	7.12	7.19	29853093	220976304.00
2022-11-08	7.32	7.32	7.08	7.14	14571470	106341448.00
2022-11-09	7.14	7.31	7.06	7.06	12419548	90621120.00
2022-11-10	7.05	7.09	6.84	6.91	16159564	114730024.00
2022-11-11	7.06	7.19	6.85	6.85	15317896	109652392.00
2022-11-14	6.89	6.96	6.75	6.79	13839252	96772032.00
2022-11-15	6.76	6.95	6.70	6.82	14919030	103786144.00
2022-11-16	6.82	6.95	6.65	6.68	12524793	86487952.00
2022-11-17	6.65	7.01	6.35	6.88	32310282	221866224.00
2022-11-18	6.85	7.21	6.66	6.70	26790533	188355392.00
2022-11-21	6.65	7.09	6.61	6.92	25162844	178003184.00
2022-11-22	6.91	7.29	6.83	7.02	27606250	198976736.00
2022-11-23	7.04	7.05	6.74	7.00	18318500	129487504.00
2022-11-24	6.94	7.28	6.93	7.26	27450193	201304512.00
2022-11-25	7.30	7.67	7.06	7.09	22697732	167124608.00
2022-11-28	7.06	7.15	6.88	7.00	14182130	101786680.00
2022-11-29	7.00	7.09	6.87	7.01	14334338	102176216.00
2022-11-30	6.95	7.51	6.82	7.30	29559550	216597072.00
2022-12-01	7.31	7.51	7.13	7.31	22600276	168561344.00
2022-12-02	7.25	7.63	7.16	7.52	22209282	170115008.00
2022-12-05	7.47	7.52	7.22	7.29	18290700	136825536.00
2022-12-06	7.38	7.65	7.25	7.31	20811800	156595472.00
2022-12-07	7.24	7.37	7.16	7.24	15336300	113380552.00
2022-12-08	7.29	7.37	7.16	7.23	10436602	77186736.00
2022-12-09	7.23	7.24	7.05	7.22	13193200	96321312.00
2022-12-12	7.15	7.42	7.05	7.18	14853409	109950528.00
2022-12-13	7.18	7.31	7.08	7.25	10397500	76388168.00
2022-12-14	7.25	7.29	7.11	7.18	8006200	58725540.00
2022-12-15	7.13	7.20	7.01	7.02	9941153	71763808.00
2022-12-16	6.97	7.09	6.89	6.99	8723600	62256420.00
2022-12-19	6.91	6.97	6.62	6.64	12433519	85561448.00
2022-12-20	6.70	7.03	6.64	6.91	12188683	85513256.00
2022-12-21	6.86	6.92	6.74	6.83	9009000	62660940.00
2022-12-22	6.83	6.89	6.55	6.58	7890400	53624136.00
2022-12-23	6.53	6.57	6.24	6.34	11973150	78172624.00
2022-12-26	6.35	6.63	6.33	6.57	8854650	59313472.00
2022-12-27	6.56	7.21	6.45	7.21	22238073	156664864.00
2022-12-28	7.29	7.58	7.08	7.53	42691256	321130976.00
2022-12-29	7.53	7.55	7.26	7.43	18898550	142714656.00
2022-12-30	7.53	7.87	6.99	7.52	54420160	416019360.00
2023-01-03	7.41	7.78	7.24	7.71	40628671	312507104.00
2023-01-04	7.68	7.77	7.25	7.33	32588810	247891680.00
2023-01-05	7.29	8.08	7.29	7.81	71433632	573109312.00
2023-01-06	7.65	8.34	7.65	7.95	63154210	514688256.00
2023-01-09	8.06	8.08	7.60	7.77	38029799	301365344.00
2023-01-10	7.90	7.91	7.49	7.60	24730866	193174208.00
2023-01-11	7.57	7.89	7.46	7.57	22718950	177848720.00
2023-01-12	7.49	7.95	7.49	7.61	19735116	154772400.00
2023-01-13	7.58	7.64	7.30	7.36	19443166	147227728.00
2023-01-16	7.41	7.64	7.37	7.51	16955692	130044040.00
2023-01-17	7.42	7.79	7.34	7.68	18517550	144413056.00
2023-01-18	7.69	7.69	7.41	7.47	17350168	132895112.00
2023-01-19	7.45	7.54	7.24	7.29	13727700	103054256.00
2023-01-20	7.41	7.52	7.29	7.36	12432893	93768424.00
2023-01-30	7.35	7.60	7.33	7.51	12835532	98163392.00
2023-01-31	7.50	7.79	7.48	7.64	16582500	129221624.00
2023-02-01	7.64	7.74	7.56	7.73	14510868	113203160.00
2023-02-02	7.71	8.03	7.65	7.84	20322630	163027840.00
2023-02-03	7.81	7.85	7.50	7.61	17481673	135749376.00
2023-02-06	7.55	7.55	7.22	7.27	19423000	145414512.00
2023-02-07	7.26	7.31	7.12	7.28	12629000	93104288.00
2023-02-08	7.26	7.29	7.01	7.03	14048680	102010792.00
2023-02-09	6.98	7.12	6.88	7.09	13109250	94041944.00
2023-02-10	7.05	7.08	6.96	7.01	8092450	58040224.00
2023-02-13	7.03	7.59	7.01	7.55	23338443	174837072.00
2023-02-14	7.57	7.61	7.38	7.43	11985900	91350952.00
2023-02-15	7.43	7.50	7.28	7.30	9406150	70856024.00
2023-02-16	7.30	7.47	6.85	7.01	17785553	130328488.00
2023-02-17	7.01	7.33	6.95	7.18	12771400	92316024.00
2023-02-20	7.18	7.19	6.95	7.11	7722850	55683656.00
2023-02-21	7.11	7.21	7.06	7.15	5316800	38743688.00
2023-02-22	7.13	7.18	7.01	7.10	4546550	32866000.00
2023-02-23	7.08	7.45	7.03	7.36	17518420	130512432.00
2023-02-24	7.34	7.36	7.17	7.19	9252600	68323968.00
2023-02-27	7.16	7.32	7.04	7.05	8884280	64862804.00
2023-02-28	7.07	7.28	7.00	7.12	12994500	94297512.00
2023-03-01	7.12	7.14	7.00	7.11	7898300	56977512.00
2023-03-02	7.11	7.15	7.05	7.06	5507800	39973908.00
2023-03-03	7.10	7.12	7.04	7.12	4350101	31491210.00
2023-03-06	7.13	7.73	7.09	7.56	28838805	219069744.00
2023-03-07	7.56	7.61	7.26	7.35	19358050	146523040.00
2023-03-08	7.26	7.63	7.26	7.39	18303151	139051616.00
2023-03-09	7.50	7.55	7.30	7.44	18297980	138973488.00
2023-03-10	7.38	7.41	7.10	7.13	14608700	107437936.00
2023-03-13	7.19	7.23	6.90	7.15	15493400	111183192.00
2023-03-14	7.16	7.18	7.05	7.06	8164120	59198092.00
2023-03-15	7.07	7.18	7.05	7.07	8327700	60323996.00
2023-03-16	7.05	7.06	6.85	6.91	10304788	73075984.00
2023-03-17	6.91	6.99	6.85	6.91	6512679	46047792.00
2023-03-20	6.92	6.94	6.67	6.70	11624250	80458752.00
2023-03-21	6.60	6.87	6.60	6.82	5675150	39269572.00
2023-03-22	6.83	6.92	6.81	6.85	5363900	37651928.00
2023-03-23	6.83	6.91	6.75	6.77	6060927	42236820.00
2023-03-24	6.74	6.78	6.61	6.75	8160680	55943876.00
2023-03-27	6.75	6.75	6.50	6.54	8718816	58696368.00
2023-03-28	6.57	6.84	6.49	6.67	8252550	56392184.00
2023-03-29	6.61	6.66	6.56	6.64	5581676	37736284.00
2023-03-30	6.64	6.66	6.49	6.59	4399350	29613442.00
2023-03-31	6.63	6.90	6.60	6.86	9771800	67949880.00
2023-04-03	6.86	7.04	6.77	6.97	8813600	62509256.00
2023-04-04	6.92	6.98	6.76	6.80	6807350	47655792.00
2023-04-06	6.83	6.83	6.56	6.59	6107650	41567416.00
2023-04-07	6.59	6.85	6.59	6.65	8769614	60166156.00
2023-04-10	6.71	6.73	6.45	6.47	9329700	62275512.00
2023-04-11	6.45	6.46	6.18	6.31	14241400	91753336.00
2023-04-12	6.36	6.40	6.20	6.24	6357850	40797824.00
2023-04-13	6.30	6.43	6.20	6.25	7290400	47074768.00
2023-04-14	6.25	6.29	6.19	6.27	6375150	40763564.00
2023-04-17	6.32	6.43	6.17	6.31	7483750	48119476.00
2023-04-18	6.35	6.35	6.22	6.26	3665450	23482168.00
2023-04-19	6.29	6.30	6.17	6.19	4576200	29142860.00
2023-04-20	6.23	6.23	5.97	6.00	9771050	60373836.00
2023-04-21	5.99	6.03	5.65	5.72	10989050	65747268.00
2023-04-24	5.68	5.68	5.48	5.58	14365805	82390288.00
2023-04-25	5.59	5.62	5.40	5.49	9354373	52867124.00
2023-04-26	5.50	5.84	5.46	5.75	13743100	80008144.00
2023-04-27	5.75	5.89	5.64	5.77	14143707	83447984.00
2023-04-28	5.70	5.90	5.69	5.88	10290603	61279784.00
2023-05-04	5.88	6.16	5.86	6.13	10084594	62354164.00
2023-05-05	6.09	6.16	6.04	6.13	4637900	28967044.00
2023-05-08	6.07	6.18	6.03	6.04	6140755	38266788.00
2023-05-09	6.17	6.20	6.03	6.07	5690878	35466036.00
2023-05-10	6.03	6.06	5.98	6.00	4728484	29122576.00
2023-05-11	6.04	6.17	6.02	6.15	4723800	29558532.00
2023-05-12	6.15	6.16	6.03	6.06	3165628	19686094.00
2023-05-15	6.10	6.13	5.89	6.01	5845998	35828828.00
2023-05-16	6.02	6.02	5.86	5.89	2893420	17545758.00
2023-05-17	5.93	5.97	5.85	5.93	2885700	17489588.00
2023-05-18	5.94	6.00	5.84	5.86	3758020	22680474.00
2023-05-19	5.88	5.88	5.76	5.79	3416650	20305700.00
2023-05-22	5.79	5.84	5.71	5.76	3671100	21660124.00
2023-05-23	5.76	5.94	5.71	5.74	6647005	39724364.00
2023-05-24	5.74	5.77	5.66	5.68	3205666	18769486.00
2023-05-25	5.68	5.83	5.67	5.82	4971982	29117738.00
2023-05-26	5.77	5.83	5.62	5.70	4501150	26009504.00
2023-05-29	5.69	5.70	5.46	5.55	6217650	35262348.00
2023-05-30	5.56	5.60	5.50	5.59	3553600	20085020.00
2023-05-31	5.71	5.71	5.50	5.51	4081950	22963564.00
2023-06-01	5.54	5.55	5.42	5.47	4232438	23593892.00
2023-06-02	5.48	5.58	5.43	5.55	3588000	20185348.00
2023-06-05	5.65	5.65	5.49	5.55	4363700	24610662.00
2023-06-06	5.59	5.59	5.39	5.41	5422200	30077606.00
2023-06-07	5.41	5.44	5.37	5.41	3280050	18035030.00
2023-06-08	5.42	5.51	5.39	5.47	4104000	22826664.00
2023-06-09	5.46	5.48	5.36	5.38	4950150	27179208.00
2023-06-12	5.37	5.44	5.27	5.42	4230050	23031420.00
2023-06-13	5.44	5.45	5.35	5.39	2929850	16073528.00
2023-06-14	5.44	5.44	5.32	5.33	3153700	17206688.00
2023-06-15	5.35	5.37	5.28	5.33	3477624	18783052.00
2023-06-16	5.33	5.64	5.31	5.54	8420339	47213196.00
2023-06-19	5.50	5.55	5.39	5.41	4972650	27532490.00
2023-06-20	5.41	5.41	5.28	5.28	4142500	22384594.00
2023-06-21	5.27	5.28	5.13	5.13	4819791	25447630.00
2023-06-26	5.13	5.16	5.02	5.05	3950858	20416122.00
2023-06-27	5.10	5.32	5.09	5.31	6917050	36930448.00
2023-06-28	5.30	5.46	5.15	5.20	5106950	27218048.00
2023-06-29	5.22	5.37	5.17	5.30	4409400	23791798.00
2023-06-30	5.30	5.68	5.28	5.49	8294239	46564084.00
2023-07-03	5.51	5.60	5.51	5.59	6225450	35252392.00
2023-07-04	5.55	6.00	5.54	5.85	13066192	77357376.00
2023-07-05	5.85	5.94	5.72	5.76	5492634	32243172.00
2023-07-06	5.72	5.82	5.71	5.77	3888084	22728642.00
2023-07-07	5.76	5.76	5.63	5.66	5285020	30485730.00
2023-07-10	5.72	5.74	5.61	5.62	3084170	17682462.00
2023-07-11	5.64	5.64	5.57	5.59	2900693	16502639.00
2023-07-12	5.70	5.70	5.54	5.57	4304804	24480994.00
2023-07-13	5.60	5.65	5.54	5.59	3690400	20981848.00
2023-07-14	5.59	5.65	5.50	5.51	2802000	15778853.00
2023-07-17	5.50	5.59	5.43	5.52	4096200	22892614.00
2023-07-18	5.52	5.53	5.47	5.48	2716500	15175886.00
2023-07-19	5.50	5.59	5.45	5.50	3876380	21726320.00
2023-07-20	5.51	5.53	5.44	5.45	3209400	17828528.00
2023-07-21	5.46	5.61	5.44	5.59	6577900	37095728.00
2023-07-24	5.60	6.00	5.56	5.68	16832659	97410064.00
2023-07-25	5.68	5.86	5.61	5.82	16571337	97411928.00
2023-07-26	5.82	6.14	5.82	5.99	22320731	135402112.00
2023-07-27	5.87	5.96	5.77	5.87	12695389	75792296.00
2023-07-28	5.82	5.97	5.79	5.85	7647120	45489592.00
2023-07-31	5.83	6.02	5.83	6.01	8993600	54290248.00
2023-08-01	5.99	6.20	5.87	6.15	14735792	90256240.00
2023-08-02	6.12	6.17	6.06	6.08	8995450	55688404.00
2023-08-03	6.11	6.11	5.97	6.00	4488100	27310324.00
2023-08-04	6.00	6.05	5.91	5.93	6544972	39567072.00
2023-08-07	5.92	5.93	5.79	5.82	3974930	23558066.00
2023-08-08	5.85	5.87	5.79	5.81	2722950	16111262.00
2023-08-09	5.83	6.01	5.79	5.80	7718922	46049460.00
2023-08-10	5.81	5.89	5.76	5.89	4952120	29278176.00
2023-08-11	5.96	6.07	5.79	5.80	5538650	33217608.00
2023-08-14	5.76	5.94	5.71	5.89	7078464	41864488.00
2023-08-15	5.86	5.92	5.73	5.78	5556500	32638606.00
2023-08-16	5.75	5.83	5.68	5.79	4038589	23616342.00
2023-08-17	5.78	5.92	5.72	5.91	4635100	27499444.00
2023-08-18	5.88	6.01	5.88	5.91	5138700	31036634.00
2023-08-21	5.88	6.09	5.84	5.99	10816000	65819168.00
2023-08-22	5.93	5.98	5.71	5.84	11592012	68566832.00
2023-08-23	5.82	6.03	5.73	5.75	7857001	46615312.00
2023-08-24	5.72	5.72	5.54	5.58	8936794	50989236.00
2023-08-25	5.61	5.70	5.52	5.53	5242856	29846966.00
2023-08-28	5.78	5.93	5.69	5.73	9537634	56174756.00
2023-08-29	5.69	5.82	5.67	5.79	5018750	29339604.00
2023-08-30	5.79	5.82	5.64	5.66	5434650	31489460.00
2023-08-31	5.66	5.70	5.57	5.58	4484100	25549062.00
2023-09-01	5.68	5.77	5.60	5.71	6309900	36464560.00
2023-09-04	5.70	5.85	5.67	5.85	5442700	32046076.00
2023-09-05	5.85	5.88	5.77	5.86	4176750	24704156.00
2023-09-06	5.86	5.88	5.75	5.77	4059600	23897480.00
2023-09-07	5.76	5.78	5.56	5.58	5363818	30718966.00
2023-09-08	5.57	5.61	5.42	5.44	4506150	25036224.00
2023-09-11	5.41	5.49	5.39	5.47	3180850	17615410.00
2023-09-12	5.46	5.48	5.39	5.42	2916950	16070895.00
2023-09-13	5.44	5.49	5.36	5.40	4584400	25240740.00
2023-09-14	5.40	5.43	5.31	5.37	4156500	22656110.00
2023-09-15	5.38	5.43	5.34	5.37	2238975	12246918.00
2023-09-18	5.35	5.42	5.30	5.41	3043600	16632085.00
2023-09-19	5.39	5.44	5.35	5.38	2580250	14119792.00
2023-09-20	5.39	5.43	5.31	5.31	2484200	13521299.00
2023-09-21	5.33	5.36	5.25	5.27	2227014	12010684.00
2023-09-22	5.26	5.42	5.23	5.41	3339650	18212510.00
2023-09-25	5.41	5.41	5.29	5.30	2552750	13853294.00
2023-09-26	5.28	5.51	5.23	5.46	5489874	30160028.00
2023-09-27	5.45	5.48	5.40	5.42	2826900	15632204.00
2023-09-28	5.41	5.48	5.41	5.43	2076411	11485771.00
2023-10-09	5.42	5.42	5.32	5.33	2844900	15497966.00
2023-10-10	5.37	5.40	5.29	5.31	2278300	12322049.00
2023-10-11	5.36	5.36	5.27	5.32	1915530	10349432.00
2023-10-12	5.32	5.36	5.30	5.31	2433170	13173595.00
2023-10-13	5.30	5.33	5.21	5.23	2645550	14120908.00
2023-10-16	5.23	5.27	5.18	5.21	2397460	12734522.00
2023-10-17	5.21	5.23	5.14	5.18	2163300	11404793.00
2023-10-18	5.19	5.19	5.02	5.05	4580860	23718660.00
2023-10-19	5.04	5.14	5.01	5.03	3407048	17524718.00
2023-10-20	5.03	5.06	4.95	5.01	3571600	18227360.00
2023-10-23	5.00	5.01	4.81	4.86	3790030	18868866.00
2023-10-24	4.85	5.07	4.84	5.06	4591768	23369800.00
2023-10-25	5.13	5.28	5.13	5.26	5110368	27246492.00
2023-10-26	5.26	5.28	5.06	5.15	5048150	26330998.00
2023-10-27	5.14	5.19	5.10	5.13	3577250	18744440.00
2023-10-30	5.13	5.19	5.08	5.11	2690447	13990637.00
2023-10-31	5.13	5.17	5.09	5.12	2568554	13405509.00
2023-11-01	5.12	5.17	5.12	5.15	2374992	12421559.00
2023-11-02	5.15	5.19	5.11	5.16	3682700	19340480.00
2023-11-03	5.17	5.20	5.12	5.16	3531072	18585412.00
2023-11-06	5.17	5.32	5.17	5.31	6015402	32107382.00
2023-11-07	5.30	5.38	5.22	5.34	6337806	34273264.00
2023-11-08	5.36	5.37	5.23	5.25	3652679	19595658.00
2023-11-09	5.26	5.31	5.21	5.25	3354200	17939476.00
2023-11-10	5.21	5.24	5.17	5.20	2516100	13319856.00
2023-11-13	5.21	5.34	5.21	5.34	3865210	20828762.00
2023-11-14	5.39	5.39	5.28	5.33	2970050	16057188.00
2023-11-15	5.33	5.37	5.30	5.31	2801100	15173251.00
2023-11-16	5.31	5.32	5.27	5.28	2002000	10780061.00
2023-11-17	5.28	5.31	5.21	5.26	5262550	28194290.00
2023-11-20	5.28	5.34	5.26	5.32	4276740	23077996.00
2023-11-21	5.34	5.44	5.32	5.40	6772194	37173156.00
2023-11-22	5.37	5.60	5.37	5.49	9888500	54967168.00
2023-11-23	5.53	5.53	5.36	5.39	6125100	33614028.00
2023-11-24	5.47	5.49	5.29	5.31	4775300	26027214.00
2023-11-27	5.32	5.36	5.26	5.27	3186800	17179270.00
2023-11-28	5.29	5.35	5.23	5.33	2909840	15700934.00
2023-11-29	5.30	5.34	5.27	5.31	3287846	17726628.00
2023-11-30	5.30	5.33	5.25	5.33	2890750	15539868.00
2023-12-01	5.31	5.35	5.27	5.30	3342700	18006864.00
2023-12-04	5.31	5.33	5.24	5.28	2719700	14600306.00
2023-12-05	5.30	5.30	5.17	5.17	2668850	14195324.00
2023-12-06	5.15	5.27	5.12	5.22	2961300	15756258.00
2023-12-07	5.20	5.24	5.12	5.19	3087550	16243800.00
2023-12-08	5.19	5.21	5.06	5.09	4373950	22806018.00
2023-12-11	5.07	5.10	5.01	5.09	4440800	22879574.00
2023-12-12	5.12	5.17	5.00	5.16	5313190	27484588.00
2023-12-13	5.17	5.17	5.09	5.09	3222150	16771933.00
2023-12-14	5.10	5.20	5.10	5.15	3849600	20216540.00
2023-12-15	5.18	5.20	5.12	5.14	3480350	18254676.00
2023-12-18	5.14	5.19	5.04	5.05	4634800	24016544.00
2023-12-19	5.04	5.10	4.96	4.99	5037900	25711422.00
2023-12-20	5.01	5.07	4.98	5.02	3698900	18961938.00
2023-12-21	5.07	5.14	4.95	5.13	6742129	34796948.00
2023-12-22	5.15	5.53	4.97	5.00	15983594	83450544.00
2023-12-25	4.97	5.02	4.88	4.97	8981468	45352836.00
2023-12-26	4.98	5.02	4.86	4.86	5337721	26696082.00
2023-12-27	4.89	4.95	4.82	4.91	4280450	21299344.00
2023-12-28	4.93	5.11	4.87	5.09	8703300	44648096.00
2023-12-29	5.11	5.15	5.07	5.14	5692100	29619114.00
2024-01-02	5.16	5.24	5.15	5.20	5576778	29527706.00
2024-01-03	5.19	5.26	5.14	5.20	4596664	24233198.00
2024-01-04	5.26	5.27	5.15	5.19	3811600	20082754.00
2024-01-05	5.18	5.26	5.15	5.17	5047150	26736582.00
2024-01-08	5.18	5.23	5.10	5.11	4013050	21073444.00
2024-01-09	5.11	5.19	5.08	5.13	3589900	18735356.00
2024-01-10	5.11	5.28	5.03	5.16	6734700	35484120.00
2024-01-11	5.14	5.26	5.12	5.26	4066250	21515964.00
2024-01-12	5.40	5.46	5.24	5.37	15839764	86298808.00
2024-01-15	5.23	5.31	5.15	5.16	7258464	38350004.00
2024-01-16	5.19	5.23	5.07	5.16	5780751	30283986.00
2024-01-17	5.15	5.20	5.05	5.08	4729000	24692064.00
2024-01-18	5.05	5.15	4.88	5.12	7821401	39666248.00
2024-01-19	5.64	5.64	5.10	5.21	33156230	181946704.00
2024-01-22	4.94	5.04	4.68	4.71	29509989	144997232.00
2024-01-23	4.61	4.82	4.39	4.74	14543787	69334144.00
2024-01-24	4.78	4.85	4.57	4.75	8342350	40027316.00
2024-01-25	4.74	4.83	4.61	4.81	11161100	53908128.00
2024-01-26	4.81	4.90	4.74	4.82	9018400	44498368.00
2024-01-29	4.83	4.83	4.57	4.62	8484900	40340812.00
2024-01-30	4.60	4.64	4.40	4.46	7510800	34420096.00
2024-01-31	4.51	4.51	4.16	4.30	10878833	47841176.00
2024-02-01	4.26	4.35	4.15	4.25	9904500	42799916.00
2024-02-02	4.21	4.33	3.82	4.20	27007452	110410448.00
2024-02-05	4.09	4.50	3.81	4.31	30844373	129092896.00
2024-02-06	4.26	4.49	4.08	4.39	15265261	67710368.00
2024-02-07	4.41	4.41	4.04	4.07	26728191	114418184.00
2024-02-08	4.11	4.18	4.02	4.16	9104535	38127116.00
2024-02-19	4.19	4.43	4.17	4.38	11343078	50062792.00
2024-02-20	4.36	4.36	4.26	4.32	5405892	23765542.00
2024-02-21	4.33	4.42	4.27	4.31	10303341	45711120.00
2024-02-22	4.31	4.35	4.26	4.31	13292680	58364564.00
2024-02-23	4.31	4.34	4.16	4.24	16546238	71507112.00
2024-02-26	4.24	4.33	4.17	4.30	15663350	68023080.00
2024-02-27	4.29	4.32	4.23	4.32	13986261	61111000.00
2024-02-28	4.34	4.59	4.22	4.23	27617185	123860768.00
2024-02-29	4.15	4.26	4.10	4.25	20174446	86509056.00
2024-03-01	4.24	4.25	4.10	4.13	17840332	75846024.00
2024-03-04	4.12	4.15	4.04	4.08	10556300	44041424.00
2024-03-05	4.07	4.08	3.96	3.96	10679400	43799708.00
2024-03-06	3.97	4.16	3.95	4.13	16071897	66876220.00
2024-03-07	4.15	4.15	4.02	4.02	10376974	43211588.00
2024-03-08	4.03	4.08	4.01	4.07	5693964	23533972.00
2024-03-11	4.06	4.14	4.04	4.13	8877850	37162184.00
2024-03-12	4.15	4.19	4.08	4.19	11037532	46698456.00
2024-03-13	4.19	4.21	4.09	4.13	9748206	41101708.00
2024-03-14	4.14	4.18	4.07	4.11	9410620	39684416.00
2024-03-15	4.11	4.17	4.08	4.16	8197670	34596804.00
2024-03-18	4.19	4.24	4.16	4.24	10331430	44295336.00
2024-03-19	4.24	4.27	4.20	4.20	7877616	34001600.00
2024-03-20	4.21	4.22	4.18	4.21	7954000	34166760.00
2024-03-21	4.23	4.24	4.14	4.18	8700800	37186168.00
2024-03-22	4.19	4.19	4.05	4.07	9160300	38346072.00
2024-03-25	4.06	4.09	3.98	3.99	10193350	42085424.00
2024-03-26	4.00	4.02	3.91	3.97	8185400	33134116.00
2024-03-27	3.96	4.01	3.85	3.85	9251350	37143584.00
2024-03-28	3.86	3.92	3.84	3.88	9983460	39659720.00
2024-03-29	3.88	3.90	3.79	3.85	11359860	44659812.00
2024-04-01	3.88	3.93	3.86	3.93	12442360	49705900.00
2024-04-02	3.94	4.01	3.90	4.00	12800372	51829104.00
2024-04-03	3.98	4.02	3.89	3.90	12181200	48836824.00
2024-04-08	3.91	3.91	3.77	3.79	11116850	43398256.00
2024-04-09	3.79	3.82	3.73	3.80	13707044	53004540.00
2024-04-10	3.82	3.82	3.65	3.69	15273105	58014860.00
2024-04-11	3.65	3.75	3.62	3.71	11088450	42047296.00
2024-04-12	3.72	3.75	3.65	3.65	5629200	21282420.00
2024-04-15	3.64	3.64	3.39	3.44	15009950	53634480.00
2024-04-16	3.41	3.48	3.25	3.31	11108670	38175792.00
2024-04-17	3.31	3.46	3.28	3.43	9924158	34678104.00
2024-04-18	3.42	3.43	3.35	3.39	6289200	21930342.00
2024-04-19	3.37	3.43	3.35	3.39	6897050	23975134.00
2024-04-22	3.39	3.40	3.32	3.36	4848150	16748902.00
2024-04-23	3.36	3.43	3.35	3.43	5666866	19798316.00
2024-04-24	3.43	3.52	3.42	3.51	6057200	21611862.00
2024-04-25	3.51	3.59	3.50	3.58	5984755	21870996.00
2024-04-26	3.55	3.58	3.49	3.51	8589700	31030348.00
2024-04-29	3.52	3.75	3.52	3.70	14076320	52982588.00
2024-04-30	3.71	3.77	3.67	3.73	11470660	43719088.00
2024-05-06	3.76	3.92	3.76	3.90	11481161	45129816.00
2024-05-07	3.89	3.90	3.83	3.88	11719050	46424872.00
2024-05-08	3.87	3.95	3.81	3.83	10753320	42593220.00
2024-05-09	3.84	3.90	3.82	3.87	5450180	21595316.00
2024-05-10	3.87	3.90	3.82	3.85	4691550	18487858.00
2024-05-13	3.83	3.88	3.76	3.82	4764550	18660316.00
2024-05-14	3.83	3.88	3.83	3.87	4118100	16267410.00
2024-05-15	3.88	4.01	3.83	3.98	10152860	40958692.00
2024-05-16	3.97	4.39	3.96	4.31	36498335	157168704.00
2024-05-17	4.41	4.59	4.28	4.49	39283432	178146768.00
2024-05-20	4.95	4.95	4.95	4.95	11333976	57123240.00
2024-05-21	5.36	5.45	5.11	5.45	38232100	208406912.00
2024-05-22	6.00	6.00	5.84	6.00	19478910	118475888.00
2024-05-23	6.61	6.61	5.39	6.21	108314896	643323904.00
2024-05-24	6.31	6.78	5.99	6.01	87122145	564944000.00
2024-05-27	5.74	5.99	5.40	5.81	79165679	457813952.00
2024-05-28	5.68	5.94	5.60	5.65	51060563	298549024.00
2024-05-29	5.62	5.74	5.22	5.27	53675391	294266048.00
2024-05-30	5.15	5.18	4.76	4.85	43133940	215061904.00
2024-05-31	4.95	5.03	4.80	4.82	28832250	142841936.00
2024-06-03	4.89	5.23	4.81	4.92	42394500	212963648.00
2024-06-04	4.94	5.42	4.93	5.42	48015356	252078960.00
2024-06-05	5.29	5.35	5.06	5.10	38398262	200511696.00
2024-06-06	5.09	5.12	4.79	4.87	31171164	155459008.00
2024-06-07	4.89	5.00	4.88	4.97	16678750	83326792.00
2024-06-11	5.07	5.28	4.86	5.24	32230500	167208656.00
2024-06-12	5.29	5.77	5.29	5.77	29946025	170488320.00
2024-06-13	5.82	5.88	5.55	5.71	39381543	226149040.00
2024-06-14	5.65	6.25	5.62	6.07	60458665	363820576.00
2024-06-17	6.04	6.43	5.95	6.37	52453170	328166976.00
2024-06-18	6.13	6.34	5.77	5.89	60214094	366865664.00
2024-06-19	5.85	5.87	5.52	5.74	43678200	249317808.00
2024-06-20	5.74	6.20	5.65	5.70	52343793	312833696.00
2024-06-21	5.49	6.10	5.42	5.85	42335755	245202624.00
2024-06-24	5.77	5.91	5.57	5.61	29468588	171389056.00
2024-06-25	5.60	5.74	5.41	5.45	27776518	156201984.00
2024-06-26	5.49	5.77	5.31	5.40	31919728	175655936.00
2024-06-27	5.33	5.43	5.18	5.31	27038470	144076544.00
2024-06-28	5.28	5.40	5.11	5.22	26108020	138271616.00
2024-07-01	5.20	5.27	5.02	5.19	20274000	105402504.00
2024-07-02	5.17	5.50	5.15	5.20	23748100	126320032.00
2024-07-03	5.18	5.25	5.00	5.03	19671100	101398808.00
2024-07-04	5.02	5.10	4.84	4.86	16663000	82624032.00
2024-07-05	4.89	5.07	4.83	5.02	15575984	78021016.00
2024-07-08	5.01	5.10	4.86	4.98	13876740	69539648.00
2024-07-09	4.95	5.10	4.83	5.06	14296273	71610736.00
2024-07-10	5.04	5.54	5.04	5.43	32748400	177158992.00
2024-07-11	5.47	5.72	5.40	5.68	27739900	157379440.00
2024-07-12	5.78	5.78	5.46	5.46	18856900	106521616.00
2024-07-15	5.48	5.50	5.07	5.11	21413850	112427584.00
2024-07-16	5.10	5.63	5.01	5.63	44951638	245614432.00
2024-07-17	5.55	5.65	5.26	5.28	31119187	169281328.00
2024-07-18	5.23	5.27	4.95	5.13	23220788	119659344.00
2024-07-19	5.09	5.35	5.07	5.17	16155037	84937896.00
2024-07-22	5.09	5.51	5.04	5.42	26635125	142708784.00
2024-07-23	5.42	5.47	5.21	5.23	18631968	100169520.00
2024-07-24	5.18	5.45	5.17	5.35	17272400	92036096.00
2024-07-25	5.30	5.34	5.17	5.18	13380160	70761704.00
2024-07-26	5.15	5.30	5.14	5.24	9692660	51163696.00
2024-07-29	5.33	5.74	5.21	5.61	33506100	186861856.00
2024-07-30	5.62	5.98	5.52	5.83	33901640	196560912.00
2024-07-31	5.79	5.95	5.66	5.87	22154800	129671472.00
2024-08-01	5.90	6.07	5.74	5.85	18752400	111206632.00
2024-08-02	5.75	5.83	5.53	5.56	17204700	98059088.00
2024-08-05	5.55	5.59	5.45	5.46	11672300	64886572.00
2024-08-06	5.53	5.66	5.50	5.65	10731250	60335044.00
2024-08-07	5.70	5.84	5.69	5.75	13027206	75725560.00
2024-08-08	5.74	5.74	5.53	5.58	8971100	50738640.00
2024-08-09	5.60	5.82	5.60	5.66	11357956	65671580.00
2024-08-12	5.66	5.76	5.58	5.64	11338600	64731232.00
2024-08-13	5.73	5.79	5.61	5.70	10654150	61260464.00
2024-08-14	5.73	5.80	5.66	5.74	13226141	76466488.00
2024-08-15	5.73	5.90	5.67	5.82	12392650	72562608.00
2024-08-16	5.79	6.22	5.79	6.09	22822360	139742704.00
2024-08-19	6.09	6.24	5.97	6.03	18719616	114597776.00
2024-08-20	6.01	6.04	5.92	5.99	9789925	58977972.00
2024-08-21	5.99	6.21	5.95	6.00	10992236	67499680.00
2024-08-22	6.03	6.09	5.75	5.77	11551200	68575120.00
2024-08-23	5.77	5.94	5.73	5.90	8810650	52152860.00
2024-08-26	5.86	5.90	5.80	5.85	6390220	37689188.00
2024-08-27	5.68	5.92	5.68	5.74	6044800	35257300.00
2024-08-28	5.77	5.95	5.74	5.86	8808400	51986800.00
2024-08-29	5.86	5.94	5.74	5.88	6618850	39030712.00
2024-08-30	5.85	6.03	5.83	5.97	8188500	49313092.00
2024-09-02	5.95	6.05	5.88	5.92	7603600	45840028.00
2024-09-03	5.93	5.99	5.83	5.97	4809998	28791064.00
2024-09-04	5.94	6.03	5.86	5.87	5739798	34235072.00
2024-09-05	5.85	6.13	5.81	6.05	10481744	63916540.00
2024-09-06	6.05	6.11	5.91	5.94	6962400	42034772.00
2024-09-09	5.94	6.16	5.87	6.15	17721046	108898872.00
2024-09-10	6.15	6.34	5.53	5.53	37201000	218738496.00
2024-09-11	4.97	5.38	4.97	5.00	52262550	270115680.00
2024-09-12	4.99	5.12	4.66	4.68	36408950	176121104.00
2024-09-13	4.81	5.15	4.80	5.00	42112150	212569472.00
2024-09-18	5.04	5.15	4.85	4.90	24178300	121938440.00
2024-09-19	4.90	4.97	4.84	4.88	16253350	80519440.00
2024-09-20	4.85	4.98	4.79	4.87	11226700	55073484.00
2024-09-23	4.83	4.88	4.77	4.78	8381200	40653684.00
2024-09-24	4.82	4.95	4.76	4.89	12227900	60008908.00
2024-09-25	4.91	5.33	4.91	5.16	28631087	149465136.00
2024-09-26	5.12	5.38	5.09	5.37	22657058	120425504.00
2024-09-27	5.45	5.78	5.45	5.72	28780110	163945424.00
2024-09-30	6.00	6.30	5.78	6.23	36467504	223833328.00
2024-10-08	6.86	6.86	6.00	6.24	53243605	340564704.00
2024-10-09	6.06	6.18	5.62	5.62	30675254	183049472.00
2024-10-10	5.58	6.03	5.58	5.72	27117554	159855056.00
2024-10-11	5.67	5.72	5.39	5.44	18007388	100440376.00
2024-10-14	5.51	5.80	5.47	5.74	20244995	115358448.00
2024-10-15	5.73	5.73	5.53	5.54	16626710	93716560.00
2024-10-16	5.45	5.60	5.40	5.49	13068944	72539456.00
2024-10-17	5.52	5.55	5.28	5.33	12806600	69698520.00
2024-10-18	5.33	5.61	5.25	5.52	17452201	95725120.00
2024-10-21	5.55	6.05	5.43	5.81	30289244	175215088.00
2024-10-22	5.82	5.90	5.60	5.74	24951261	145088816.00
2024-10-23	5.70	5.95	5.69	5.84	24951886	147059600.00
2024-10-24	5.83	6.04	5.76	5.86	17603200	104487272.00
2024-10-25	5.84	6.15	5.84	6.13	27434153	167327728.00
2024-10-28	6.16	6.38	6.16	6.23	24056039	151815936.00
2024-10-29	6.33	6.86	6.27	6.86	23700236	160809792.00
2024-10-30	7.55	7.55	7.55	7.55	12076136	91778632.00
2024-10-31	8.31	8.31	7.46	7.57	135337966	1085169024.00
2024-11-01	7.93	8.10	6.81	7.04	87864205	638177152.00
2024-11-04	6.72	7.33	6.72	7.07	43242197	306938816.00
2024-11-05	7.00	7.32	6.93	7.24	44387293	318104832.00
2024-11-06	7.18	7.39	7.04	7.16	28797639	208172768.00
2024-11-07	7.18	7.73	7.10	7.51	35708673	266757200.00
2024-11-08	7.55	7.88	7.39	7.69	27986447	214944672.00
2024-11-11	7.60	7.95	7.49	7.87	26658397	209084640.00
2024-11-12	7.83	7.93	7.50	7.62	26357936	203666992.00
2024-11-13	7.49	7.69	7.06	7.34	29789456	218653408.00
2024-11-14	7.37	7.53	7.18	7.23	18967026	139650192.00
2024-11-15	7.10	7.40	7.07	7.18	18135650	131838960.00
2024-11-18	7.18	7.32	6.85	6.92	19813258	140708912.00
2024-11-19	6.90	7.15	6.82	7.05	12615823	88528192.00
2024-11-20	7.02	7.50	6.97	7.35	19065584	140276352.00
2024-11-21	7.34	7.58	7.22	7.50	15938966	118957488.00
2024-11-22	7.49	7.70	7.26	7.30	17684150	133387680.00
2024-11-25	7.37	7.50	7.06	7.19	14536350	106047112.00
2024-11-26	7.16	7.32	7.08	7.18	10589900	76545096.00
2024-11-27	7.25	7.75	7.05	7.73	20113170	150592704.00
2024-11-28	7.83	8.25	7.80	8.02	37251325	300718240.00
2024-11-29	7.96	8.33	7.87	8.18	27764467	226384688.00
2024-12-02	8.18	8.52	8.16	8.43	19111944	161370960.00
2024-12-03	8.41	9.28	8.37	9.28	29151250	261089888.00
2024-12-04	9.40	9.50	8.90	9.07	39220536	363159008.00
2024-12-05	9.01	9.21	8.99	9.06	21011886	191610416.00
2024-12-06	9.18	9.34	9.07	9.13	19574860	180658608.00
2024-12-09	9.18	9.27	8.63	8.69	27943732	248437424.00
2024-12-10	8.96	9.40	8.76	9.22	25867442	238197088.00
2024-12-11	9.10	9.79	9.06	9.77	28625810	270381088.00
2024-12-12	9.73	10.01	9.61	9.81	21789520	215127904.00
2024-12-13	9.88	10.24	9.72	9.96	21924400	221318400.00
2024-12-16	9.68	9.68	8.96	8.96	23616709	215534624.00
2024-12-17	8.46	8.74	8.17	8.19	37356230	312693152.00
2024-12-18	8.28	8.36	8.11	8.14	20179697	166649248.00
2024-12-19	8.00	8.40	7.83	8.37	19421058	158905584.00
2024-12-20	8.39	8.65	8.01	8.05	26075450	217858176.00
2024-12-23	8.04	8.10	7.73	7.79	20028100	158652448.00
2024-12-24	7.79	7.87	7.64	7.79	12168950	94861320.00
2024-12-25	7.85	7.87	7.45	7.54	12388250	94515552.00
2024-12-26	7.59	8.30	7.54	8.30	14217000	112307408.00
2024-12-27	8.31	8.61	7.86	8.03	38853074	318757472.00
2024-12-30	7.98	8.45	7.75	8.05	28808066	234216896.00
2024-12-31	8.06	8.10	7.58	7.59	18559250	145493728.00
2025-01-02	7.66	8.00	7.53	7.72	17445613	136754096.00
2025-01-03	7.72	7.80	7.28	7.45	18611200	139467120.00
2025-01-06	7.47	7.64	7.34	7.35	11419093	85995488.00
2025-01-07	7.35	8.09	7.26	7.96	21736263	168650960.00
2025-01-08	7.85	7.89	7.51	7.82	19460073	150957200.00
2025-01-09	7.81	8.09	7.74	7.85	17638290	141472496.00
2025-01-10	7.81	8.11	7.77	7.81	14076150	112638616.00
2025-01-13	7.75	8.01	7.68	7.86	10052900	79571008.00
2025-01-14	8.31	8.31	7.83	7.98	19042945	152905152.00
2025-01-15	7.94	8.16	7.87	8.00	12598686	101896592.00
2025-01-16	7.95	8.45	7.85	8.32	23812556	194926656.00
2025-01-17	8.17	8.25	8.00	8.01	15243978	124233368.00
2025-01-20	8.20	8.72	8.10	8.55	34521862	293845344.00
2025-01-21	8.75	9.27	8.63	9.12	40311557	362968320.00
2025-01-22	9.11	9.55	9.04	9.12	31207421	288990688.00
2025-01-23	9.50	10.04	9.16	10.04	42894367	424574208.00
2025-01-24	10.23	10.23	9.45	9.71	57096958	563012352.00
2025-01-27	9.66	9.84	9.30	9.50	27918250	269140800.00
2025-02-05	9.40	9.55	8.92	9.19	29964464	274568256.00
2025-02-06	9.35	9.45	9.17	9.24	18836750	176380880.00
2025-02-07	9.20	9.57	9.11	9.28	21625830	203023984.00
2025-02-10	9.15	9.43	8.81	9.19	33813490	309350016.00
2025-02-11	9.19	9.39	9.16	9.33	18416550	171926240.00
2025-02-12	9.36	9.40	9.23	9.35	14032850	131409600.00
2025-02-13	9.39	9.45	9.00	9.05	14001200	129541280.00
2025-02-14	9.10	9.19	8.82	8.92	14490800	130871160.00
2025-02-17	9.07	9.40	9.04	9.17	16998970	157279600.00
2025-02-18	9.17	9.23	8.91	8.98	14156317	129041128.00
2025-02-19	8.98	9.00	8.82	8.91	14268000	127825064.00
2025-02-20	8.90	9.09	8.87	9.07	9032550	81793120.00
2025-02-21	9.02	9.62	9.02	9.36	23734800	223795552.00
2025-02-24	9.33	9.39	9.10	9.11	14830081	137755056.00
2025-02-25	9.07	9.08	8.85	8.88	15719250	141417872.00
2025-02-26	8.95	9.28	8.90	8.97	15843900	143961632.00
2025-02-27	8.91	9.09	8.78	8.89	11356300	101430616.00
2025-02-28	8.86	9.00	8.66	8.75	11123878	98686368.00
2025-03-03	8.80	8.88	8.62	8.85	6872635	60866936.00
2025-03-04	8.85	9.01	8.76	8.99	8316085	74594960.00
2025-03-05	9.02	9.21	8.98	9.03	10619900	96873928.00
2025-03-06	9.11	9.11	8.88	9.03	11395602	102672192.00
2025-03-07	8.98	8.98	8.82	8.86	9468000	84542936.00
2025-03-10	8.93	9.41	8.84	9.27	22311420	206271296.00
2025-03-11	9.13	9.17	8.85	9.13	18616100	168333024.00
2025-03-12	9.15	10.00	9.15	9.73	31998338	310825280.00
2025-03-13	9.73	9.74	9.21	9.35	24410514	231336336.00
2025-03-14	9.38	9.55	9.27	9.36	10322699	97201008.00
2025-03-17	9.44	9.50	9.26	9.33	8164775	76699152.00
2025-03-18	9.33	9.55	9.28	9.48	12788800	121137408.00
2025-03-19	9.46	9.49	9.18	9.20	11003100	102603592.00
2025-03-20	9.22	9.35	9.15	9.25	6635000	61736572.00
2025-03-21	9.26	9.32	9.12	9.18	5804555	53615112.00
2025-03-24	9.19	9.28	8.95	9.16	7008820	64035124.00
2025-03-25	9.24	9.24	9.09	9.18	6017520	55483444.00
2025-03-26	9.13	9.27	9.10	9.20	3821550	35273260.00
2025-03-27	9.16	9.40	9.15	9.28	7734050	72213144.00
2025-03-28	9.29	9.31	9.16	9.17	5590100	51763856.00
2025-03-31	9.14	9.16	8.98	9.12	5482900	49987592.00
2025-04-01	9.12	9.33	9.09	9.26	5816100	53804448.00
2025-04-02	9.25	9.44	9.20	9.28	6677550	62624176.00
2025-04-03	9.19	9.35	9.16	9.24	4525700	41996748.00
2025-04-07	8.75	8.89	8.31	8.31	13063460	111890808.00
2025-04-08	8.13	8.27	7.57	7.75	19112226	150078256.00
2025-04-09	7.63	7.82	7.05	7.74	15212200	114436880.00
2025-04-10	8.04	8.23	7.82	7.88	15641950	126431192.00
2025-04-11	7.80	8.44	7.79	8.24	17977180	149171920.00
2025-04-14	8.42	8.58	8.31	8.32	9941616	84020920.00
2025-04-15	8.31	8.41	8.18	8.34	6266388	52085528.00
2025-04-16	8.34	8.34	8.18	8.21	4554600	37763876.00
2025-04-17	8.15	8.32	8.13	8.24	3476850	28852782.00
2025-04-18	8.22	8.47	8.20	8.42	5188210	43535672.00
2025-04-21	8.39	9.03	8.39	9.02	13150957	116008576.00
2025-04-22	9.04	9.33	9.01	9.13	15310620	141205136.00
2025-04-23	9.05	9.10	8.21	8.21	30550700	261269728.00
2025-04-24	8.09	8.20	7.81	8.01	15774390	126737856.00
2025-04-25	7.99	8.14	7.96	7.98	7605150	61445576.00
2025-04-28	7.99	8.16	7.83	7.86	8295660	66108100.00
2025-04-29	7.86	7.94	7.74	7.81	7013731	55189296.00
2025-04-30	7.77	8.11	7.76	8.03	8179001	65474376.00
2025-05-06	8.04	8.13	7.93	8.10	10329857	83842776.00
2025-05-07	8.23	8.28	7.94	8.00	9070620	73566432.00
2025-05-08	8.00	8.40	7.95	8.33	15532821	127959640.00
2025-05-09	8.34	8.47	8.20	8.32	12688001	106169296.00
2025-05-12	8.41	8.48	8.26	8.37	9534980	80389048.00
2025-05-13	8.44	8.54	8.28	8.32	8504420	71736320.00
2025-05-14	8.36	8.51	8.23	8.23	8472650	70863536.00
2025-05-15	8.24	8.32	8.06	8.15	7228121	59415412.00
2025-05-16	8.16	8.22	8.09	8.10	5208285	42639936.00
2025-05-19	8.10	8.62	8.10	8.49	22360006	190237968.00
2025-05-20	8.47	8.59	8.40	8.57	9703900	83205872.00
2025-05-21	8.57	8.75	8.50	8.67	14824660	128823296.00
2025-05-22	8.65	8.71	8.44	8.44	8025350	68984560.00
2025-05-23	8.35	8.53	8.31	8.36	7250200	61316724.00
2025-05-26	8.33	8.41	8.28	8.35	4691100	39302452.00
2025-05-27	8.35	8.39	8.23	8.23	3941450	32766044.00
2025-05-28	8.25	8.30	8.15	8.19	5041995	41600168.00
2025-05-29	8.28	8.36	8.16	8.32	6428700	53561468.00
2025-05-30	8.33	8.36	8.23	8.26	3780236	31255200.00
2025-06-03	8.21	8.24	7.91	7.95	13442116	108083608.00
2025-06-04	8.00	8.33	8.00	8.20	10903044	89353184.00
2025-06-05	8.21	8.55	8.08	8.47	14630818	122539136.00
2025-06-06	8.49	8.60	8.36	8.50	8878720	75544136.00
2025-06-09	8.49	9.15	8.49	8.92	27891976	249977392.00
2025-06-10	8.89	8.95	8.63	8.74	14681750	128363832.00
2025-06-11	8.74	8.80	8.60	8.67	9869449	85684944.00
2025-06-12	8.62	8.87	8.60	8.84	8990999	79117376.00
2025-06-13	8.73	9.08	8.42	8.47	15279300	131876624.00
2025-06-16	8.44	9.26	8.42	9.20	33379044	300350176.00
2025-06-17	9.20	9.43	8.99	9.09	17912350	163463216.00
2025-06-18	9.05	9.30	8.90	9.19	17829700	162392864.00
2025-06-19	9.17	9.63	9.15	9.17	26826639	253008784.00
2025-06-20	9.20	9.25	8.93	9.02	11818550	106763936.00
2025-06-23	9.02	9.17	8.86	9.10	8877710	80291584.00
2025-06-24	9.28	9.37	9.14	9.26	11626600	107678760.00
2025-06-25	9.25	9.31	9.08	9.18	10067334	92400960.00
2025-06-26	9.20	9.50	9.13	9.32	18543150	173279712.00
2025-06-27	9.00	9.45	8.87	9.39	29799522	272188672.00
2025-06-30	9.49	9.58	9.30	9.38	12545689	117957544.00
2025-07-01	9.32	10.20	9.32	9.98	32397007	320050048.00
2025-07-02	9.90	9.96	9.74	9.90	18105600	178154128.00
2025-07-03	9.89	10.89	9.69	10.89	46182233	483610464.00
2025-07-04	10.92	11.44	10.80	10.86	53254407	591849536.00
2025-07-07	10.76	10.95	10.68	10.78	24115266	260469504.00
2025-07-08	10.90	11.36	10.73	11.19	28945059	321987712.00
2025-07-09	11.13	12.02	11.06	11.80	38951118	453160992.00
2025-07-10	11.75	12.07	11.60	11.76	24464762	288015296.00
2025-07-11	11.68	12.11	11.51	11.73	19740672	231342368.00
2025-07-14	11.73	11.98	11.12	11.93	23547400	273166848.00
2025-07-15	11.86	12.80	11.70	12.19	29669236	365723008.00
2025-07-16	12.30	12.30	11.80	11.97	17574583	210600176.00
2025-07-17	11.78	12.30	11.74	12.11	22024074	266355344.00
2025-07-18	12.13	12.20	11.88	12.05	15155563	182274272.00
2025-07-21	12.12	13.26	12.12	13.00	44508276	574251008.00
2025-07-28	12.86	12.86	11.70	11.70	43202255	511128576.00
2025-07-29	11.40	12.26	11.35	11.89	31205494	364661664.00
2025-07-30	11.75	13.08	11.71	13.08	33019858	411916384.00
2025-07-31	13.05	14.39	12.86	14.39	68394508	962344704.00
2025-08-01	13.95	14.76	13.20	13.26	77397731	1075133184.00
2025-08-04	13.26	13.47	12.63	13.33	36878110	486270400.00
2025-08-05	13.56	13.88	13.30	13.56	31006130	420464768.00
2025-08-06	13.46	13.67	13.20	13.33	20787300	277894816.00
2025-08-07	13.28	13.33	12.74	12.98	22850822	296340032.00
2025-08-08	12.85	13.43	12.79	12.83	19410435	253100240.00
2025-08-11	13.00	13.57	12.80	13.33	27477115	363338592.00
2025-08-12	13.33	13.58	13.02	13.50	20445938	271480352.00
2025-08-13	13.51	13.98	13.41	13.88	31118085	428417696.00
2025-08-14	13.61	13.69	12.64	12.77	51329005	671857536.00
2025-08-15	12.61	12.98	12.48	12.55	23021550	291947648.00
2025-08-18	12.53	13.78	12.37	13.23	44800620	587449984.00
2025-08-19	13.36	14.55	13.20	14.36	88518124	1258417664.00
2025-08-20	14.28	14.65	13.04	13.31	68530968	935395904.00
2025-08-21	13.53	13.80	13.00	13.05	35955606	476284672.00
2025-08-22	12.90	13.28	12.89	13.08	25154215	328917600.00
2025-08-25	13.46	14.22	13.35	13.46	56153499	770759424.00
2025-08-26	13.60	13.62	12.60	12.68	54292245	700342848.00
2025-08-27	12.75	13.88	12.61	13.38	65403934	873239552.00
2025-08-28	13.20	14.29	13.20	14.00	59900580	824167744.00
2025-08-29	14.91	15.33	14.02	14.45	71053457	1043802816.00
2025-09-01	14.68	15.90	14.59	15.90	52280042	812936640.00
2025-09-02	16.54	17.49	15.20	15.68	102484496	1689881856.00
2025-09-03	15.20	15.60	14.41	14.85	61882770	925503680.00
2025-09-04	15.20	15.45	13.37	13.39	51190661	727232576.00
2025-09-05	13.50	14.73	13.41	14.73	43649938	614644928.00
2025-09-08	15.50	15.90	14.58	15.72	78856622	1217573760.00
2025-09-09	15.57	16.18	15.35	15.60	46841850	737342528.00
2025-09-10	15.97	16.60	15.67	15.87	54077815	870223488.00
2025-09-11	16.05	17.43	15.59	16.68	70558536	1160108032.00
2025-09-12	16.30	17.48	15.97	17.21	64928953	1084002816.00
2025-09-15	17.01	17.10	15.80	15.81	52678561	850491904.00
2025-09-16	15.65	16.77	15.16	16.56	53006520	843535552.00
2025-09-17	16.40	18.22	16.30	18.22	40846135	727179072.00
2025-09-18	18.25	18.70	17.52	17.75	64642841	1164902272.00
2025-09-19	18.03	19.06	17.79	18.30	53853768	991943104.00
2025-09-22	18.26	18.68	17.68	18.02	42273650	767609536.00
2025-09-23	18.61	19.30	17.10	19.11	68566783	1247210752.00
2025-09-24	18.59	19.00	18.00	18.59	36931900	683126272.00
2025-09-25	18.58	18.94	17.73	18.35	29744760	548335040.00
2025-09-26	18.18	18.79	17.70	17.70	23193000	419993152.00
2025-09-29	17.44	18.25	16.99	17.88	33906934	595223872.00
2025-09-30	18.60	18.71	17.25	17.60	36794600	660329856.00
2025-10-23	18.59	18.59	18.59	18.59	0	0.00
数据来源:通达信
