001379 腾达科技 日线 前复权
      日期	    开盘	    最高	    最低	    收盘	    成交量	    成交额
2024-01-19	27.72	28.54	23.60	23.95	33890792	905508672.00
2024-01-22	22.72	26.10	21.94	24.83	27489896	674090816.00
2024-01-23	24.92	26.90	23.24	23.35	30072579	775827520.00
2024-01-24	21.10	23.22	20.83	21.77	25386308	560538560.00
2024-01-25	21.32	21.90	20.09	20.97	22196853	470877216.00
2024-01-26	20.48	23.10	20.14	23.10	27897376	618578688.00
2024-01-29	25.44	25.44	25.44	25.44	2463118	63351396.00
2024-01-30	24.93	25.66	22.87	22.87	25959265	630581952.00
2024-01-31	21.22	21.61	20.56	20.56	14410307	302286208.00
2024-02-01	18.52	19.03	18.48	18.48	17244128	325819648.00
2024-02-02	17.96	18.41	16.60	16.82	16189742	285554112.00
2024-02-05	16.82	16.99	15.11	15.11	11653998	183980880.00
2024-02-06	14.62	16.65	14.22	15.89	16206333	255396560.00
2024-02-07	15.82	15.97	14.27	14.27	13884026	213487968.00
2024-02-08	13.95	14.92	13.90	14.76	9770544	144903424.00
2024-02-19	14.85	15.60	14.62	15.22	11952045	183431936.00
2024-02-20	15.27	15.88	15.17	15.70	10588255	168460496.00
2024-02-21	15.32	16.50	15.27	15.90	12855809	209260112.00
2024-02-22	16.02	16.38	15.88	16.25	10091820	165384656.00
2024-02-23	16.22	17.90	16.00	17.90	10539702	179981536.00
2024-02-26	18.83	18.83	17.58	17.90	21591160	397492704.00
2024-02-27	17.70	18.13	17.42	18.13	14634104	265665616.00
2024-02-28	18.00	18.30	16.30	16.36	16169808	286482784.00
2024-02-29	15.97	16.82	15.83	16.80	8528599	143455968.00
2024-03-01	16.82	17.26	16.53	16.83	7699967	132050784.00
2024-03-04	16.89	16.91	16.23	16.60	5708936	96004992.00
2024-03-05	16.55	17.11	16.31	16.78	9132886	155338976.00
2024-03-06	16.72	17.90	16.54	17.27	12726727	223454752.00
2024-03-07	17.50	18.23	17.06	17.93	17553728	316205728.00
2024-03-08	17.60	17.82	17.20	17.44	11015982	195008288.00
2024-03-11	17.41	17.41	16.92	17.37	7700915	134549328.00
2024-03-12	17.37	17.67	17.14	17.51	7918640	140240752.00
2024-03-13	17.40	17.78	17.32	17.38	7202706	128371912.00
2024-03-14	17.22	18.81	17.09	17.79	14398154	260560976.00
2024-03-15	17.45	17.70	17.20	17.67	8277729	147067120.00
2024-03-18	17.71	18.15	17.71	18.10	9559579	174412048.00
2024-03-19	17.92	18.12	17.82	17.90	7106429	129680504.00
2024-03-20	17.90	18.03	17.80	17.91	5738872	104393560.00
2024-03-21	17.82	18.05	17.43	17.70	7548149	135890096.00
2024-03-22	17.70	17.72	17.07	17.07	5863957	103203160.00
2024-03-25	16.92	17.06	16.28	16.30	5288639	89665480.00
2024-03-26	16.21	16.47	15.82	16.29	4067800	67047812.00
2024-03-27	16.32	16.35	15.42	15.44	4257273	68683704.00
2024-03-28	15.43	15.95	15.41	15.77	4019307	64316036.00
2024-03-29	15.78	16.07	15.78	15.96	3018946	48881828.00
2024-04-01	15.94	16.25	15.94	16.25	3206210	52619652.00
2024-04-02	16.28	16.39	15.99	16.12	3264632	53712156.00
2024-04-03	16.12	16.15	15.70	15.92	2925008	47295364.00
2024-04-08	16.03	16.11	15.54	15.54	2931984	46903796.00
2024-04-09	15.62	16.52	15.62	16.26	5035539	82762256.00
2024-04-10	16.28	17.91	16.28	17.91	14623767	263405312.00
2024-04-11	17.56	18.65	17.17	18.16	23986793	435668416.00
2024-04-12	17.63	18.31	17.55	17.85	14655777	264929824.00
2024-04-15	18.23	19.52	17.52	17.91	17986030	333762816.00
2024-04-16	16.92	16.96	16.09	16.09	2638100	43742552.00
2024-04-17	14.55	16.55	14.55	15.75	13695919	218652960.00
2024-04-18	15.47	16.15	15.11	15.82	9728098	154783632.00
2024-04-19	15.60	15.72	14.97	15.10	8631164	134010696.00
2024-04-22	15.09	15.60	14.30	15.28	7432597	113503272.00
2024-04-23	15.08	15.34	14.95	15.07	4282769	66111588.00
2024-04-24	14.98	15.37	14.97	15.36	4125312	64065116.00
2024-04-25	15.40	15.48	15.12	15.34	4282858	66932928.00
2024-04-26	15.35	15.38	15.02	15.18	5523597	85444504.00
2024-04-29	15.19	15.71	15.13	15.61	6850714	107761976.00
2024-04-30	15.57	15.61	15.18	15.30	5280641	82515512.00
2024-05-06	15.50	16.00	15.48	15.98	7433297	119470512.00
2024-05-07	15.99	16.06	15.75	15.96	4966875	80320056.00
2024-05-08	15.96	16.25	15.81	16.02	6428176	104615584.00
2024-05-09	15.91	16.36	15.88	16.24	6272313	103104336.00
2024-05-10	16.27	16.46	15.85	15.93	6173732	101308280.00
2024-05-13	15.64	15.77	15.25	15.30	5227711	82225832.00
2024-05-14	15.31	15.68	15.31	15.61	3486757	55272832.00
2024-05-15	15.61	15.82	15.44	15.52	3528791	56194620.00
2024-05-16	15.54	15.68	15.30	15.32	3394445	53344948.00
2024-05-17	15.33	15.67	15.25	15.67	3721271	58728368.00
2024-05-20	15.63	15.80	15.63	15.73	3228900	51660336.00
2024-05-21	15.70	15.80	15.55	15.76	3162945	50516496.00
2024-05-22	15.76	16.05	15.65	16.00	4514864	72450624.00
2024-05-23	15.94	16.22	15.80	15.94	6651597	107682800.00
2024-05-24	15.75	15.95	15.37	15.45	4926171	77569912.00
2024-05-27	15.45	15.50	15.02	15.50	3321550	51235816.00
2024-05-28	15.45	15.45	15.16	15.19	2597713	40012320.00
2024-05-29	15.05	15.61	15.05	15.33	2987330	46380160.00
2024-05-30	15.22	15.31	15.08	15.09	2364300	36184808.00
2024-05-31	15.17	15.55	15.11	15.44	3704921	57589228.00
2024-06-03	15.37	15.56	14.86	15.05	4154806	63778756.00
2024-06-04	15.02	15.03	14.37	14.72	4107095	60566772.00
2024-06-05	14.70	15.27	14.53	14.86	3765701	56927172.00
2024-06-06	14.68	14.94	14.14	14.15	4161038	60756284.00
2024-06-07	14.18	14.49	14.09	14.40	2502732	36215704.00
2024-06-11	14.41	14.48	14.00	14.46	2271115	32631522.00
2024-06-12	14.35	14.68	14.28	14.63	2293470	33816724.00
2024-06-13	14.63	14.77	14.56	14.62	2375134	35190180.00
2024-06-14	14.57	14.65	14.43	14.59	1896523	27843334.00
2024-06-17	14.64	14.68	14.48	14.54	1842100	27155440.00
2024-06-18	14.60	14.78	14.60	14.73	2226223	33096734.00
2024-06-19	14.76	14.80	14.53	14.55	1823700	26976792.00
2024-06-20	14.55	14.58	14.09	14.12	2194840	31655514.00
2024-06-21	14.10	14.22	13.90	14.05	1290260	18366864.00
2024-06-24	14.01	14.01	12.97	13.23	3567815	48216248.00
2024-06-25	13.23	13.64	13.15	13.41	2111439	28688804.00
2024-06-26	13.53	13.71	13.28	13.71	1924830	26374580.00
2024-06-27	13.72	14.11	13.56	13.57	2596760	36160472.00
2024-06-28	13.53	13.88	13.43	13.59	2051345	28402926.00
2024-07-01	13.52	13.78	13.41	13.75	2093802	28803764.00
2024-07-02	13.73	13.81	13.51	13.61	1627499	22444360.00
2024-07-03	13.69	13.69	13.28	13.31	1640015	22240968.00
2024-07-04	13.29	13.42	12.99	13.00	1651900	21921724.00
2024-07-05	13.03	13.20	12.81	13.07	1099221	14467747.00
2024-07-08	13.13	13.13	12.50	12.55	1923500	24675604.00
2024-07-09	12.50	12.67	12.05	12.61	2376839	29796082.00
2024-07-10	12.55	12.65	12.41	12.43	1475030	18703952.00
2024-07-11	12.64	13.55	12.60	13.22	4389340	57987592.00
2024-07-12	13.12	13.42	13.02	13.04	1959900	26139264.00
2024-07-15	14.05	14.23	13.35	13.35	7797520	108458320.00
2024-07-16	13.35	13.45	12.56	12.70	5420725	69763736.00
2024-07-17	12.60	12.65	12.41	12.41	2383254	30088374.00
2024-07-18	12.40	12.53	12.07	12.42	2044428	25434668.00
2024-07-19	12.29	12.56	12.21	12.48	2100293	26419250.00
2024-07-22	12.48	13.74	12.45	13.74	7191196	96983944.00
2024-07-23	13.82	15.13	13.75	15.13	12721355	189219360.00
2024-07-24	14.21	16.66	14.15	16.66	19836267	325544160.00
2024-07-25	18.34	18.34	17.50	18.34	24292473	447461472.00
2024-07-26	19.35	20.19	16.68	20.19	15919656	303718688.00
2024-07-29	22.22	22.22	22.22	22.22	3044852	68113336.00
2024-07-30	22.25	24.46	22.25	24.46	8952082	211165936.00
2024-07-31	26.92	26.92	22.10	26.92	27883716	717034816.00
2024-08-01	29.63	29.63	25.03	29.63	38583733	1114134528.00
2024-08-02	30.85	32.61	27.74	32.61	26594912	830150272.00
2024-08-05	35.89	35.89	34.85	35.89	12172876	438363744.00
2024-08-06	37.30	39.49	32.29	32.29	43127364	1518650112.00
2024-08-07	29.05	31.81	29.05	29.64	33924780	1013702912.00
2024-08-08	29.08	30.34	26.66	26.95	30229285	862196096.00
2024-08-09	26.54	27.21	25.82	26.35	20724385	549604352.00
2024-08-12	26.22	27.75	25.86	27.46	23496013	638300352.00
2024-08-13	26.45	27.85	25.88	27.85	22362330	601661696.00
2024-08-14	27.39	28.73	26.75	26.75	23534117	655638656.00
2024-08-15	26.25	27.82	25.25	27.66	25864365	690091904.00
2024-08-16	28.18	28.68	26.10	26.10	25168172	698415360.00
2024-08-19	24.64	28.73	24.20	28.73	34983258	931713280.00
2024-08-20	29.51	31.62	28.76	31.62	38653350	1173649536.00
2024-08-21	28.85	29.82	28.44	28.44	27747875	806656896.00
2024-08-22	26.55	27.73	25.58	25.58	23956346	635670144.00
2024-08-23	24.74	25.03	23.73	23.98	20135317	490519648.00
2024-08-26	24.14	24.27	23.30	23.95	13333189	318476768.00
2024-08-27	23.84	24.54	23.10	23.38	15133644	363289312.00
2024-08-28	23.12	24.35	23.01	23.84	15572089	373315872.00
2024-08-29	23.39	24.53	22.86	24.02	17436401	420496544.00
2024-08-30	23.82	24.65	23.60	24.08	17606368	429260064.00
2024-09-02	23.95	24.34	23.22	23.28	12763525	305289600.00
2024-09-03	23.28	23.62	23.01	23.39	8400385	197251376.00
2024-09-04	23.24	23.78	22.62	22.67	12306799	284937024.00
2024-09-05	22.65	23.83	22.55	23.69	16301429	382911872.00
2024-09-06	24.04	24.50	23.31	23.37	16542027	396924384.00
2024-09-09	23.41	23.95	22.49	23.56	12974099	303919648.00
2024-09-10	23.41	24.20	23.00	23.40	10194908	240793600.00
2024-09-11	23.97	24.15	23.03	23.62	10141238	239388304.00
2024-09-12	23.43	23.72	22.43	22.53	12079043	278247232.00
2024-09-13	22.33	22.50	21.67	21.67	9065885	201384688.00
2024-09-18	21.67	22.03	21.26	21.40	5665851	122745632.00
2024-09-19	21.50	21.81	21.29	21.71	7685918	167110784.00
2024-09-20	21.72	21.89	21.37	21.59	5477847	118982640.00
2024-09-23	21.65	22.00	21.51	21.70	5547657	121360568.00
2024-09-24	21.70	22.10	21.32	22.09	8157585	179327456.00
2024-09-25	22.05	22.77	21.96	22.38	12526676	281918464.00
2024-09-26	22.25	22.58	21.76	22.55	10233365	229144640.00
2024-09-27	22.80	23.81	22.67	23.53	14144518	330099552.00
2024-09-30	24.44	25.88	23.55	25.80	20372530	508100224.00
2024-10-08	28.40	28.40	25.25	27.45	20542857	556991232.00
2024-10-09	26.65	26.65	24.69	24.69	11694374	294221152.00
2024-10-10	24.22	24.22	22.30	22.72	13065758	303313344.00
2024-10-11	22.35	22.35	20.49	20.97	9854718	211582384.00
2024-10-14	21.03	22.18	20.83	22.14	9636580	209032016.00
2024-10-15	22.19	22.43	21.55	21.66	6581725	145874432.00
2024-10-16	21.22	21.72	21.06	21.45	5329935	114867880.00
2024-10-17	21.65	23.07	21.60	21.98	11058566	247496288.00
2024-10-18	21.99	22.98	21.70	22.61	12413789	281752544.00
2024-10-21	22.60	24.13	22.58	24.00	15732913	369785536.00
2024-10-22	24.50	24.70	23.21	23.48	14520361	345134656.00
2024-10-23	23.20	23.81	23.14	23.30	10267493	242478688.00
2024-10-24	22.95	23.20	22.66	22.90	6179769	142169456.00
2024-10-25	22.61	23.30	22.61	23.25	6679247	155673312.00
2024-10-28	23.32	24.43	23.20	24.21	11419067	275541792.00
2024-10-29	24.45	24.50	23.53	23.62	10318881	248166608.00
2024-10-30	23.70	24.47	22.95	24.45	14027122	338318848.00
2024-10-31	24.45	26.61	24.20	25.68	19047563	486380896.00
2024-11-01	25.74	26.53	24.60	24.78	14965892	384506976.00
2024-11-04	24.35	25.09	23.52	24.87	8677855	214203504.00
2024-11-05	24.70	25.55	24.50	25.35	10645302	267927344.00
2024-11-06	25.42	25.75	24.70	24.85	11621081	294370944.00
2024-11-07	24.76	27.35	24.25	27.35	17215226	452137824.00
2024-11-08	28.41	30.10	28.20	30.10	21545851	643110592.00
2024-11-11	30.48	33.01	28.45	29.40	29015606	878640128.00
2024-11-12	28.45	29.30	26.60	27.01	20334759	567324672.00
2024-11-13	27.29	27.59	26.56	27.37	11179361	304583520.00
2024-11-14	27.28	27.30	25.80	25.83	9311369	246630576.00
2024-11-15	25.80	27.44	25.51	26.52	10733204	285166912.00
2024-11-18	26.27	27.90	25.23	27.68	13733096	373337024.00
2024-11-19	27.40	29.20	27.10	29.20	18935520	541034368.00
2024-11-20	28.58	29.20	27.70	28.80	13121018	373760032.00
2024-11-21	28.43	28.65	26.70	27.57	11896358	330110560.00
2024-11-22	27.59	27.90	25.43	25.45	8738916	237080064.00
2024-11-25	25.48	25.85	24.28	25.05	7296800	181746912.00
2024-11-26	25.05	25.14	23.96	24.00	6561240	160811968.00
2024-11-27	23.70	24.90	22.94	24.70	7584881	181594848.00
2024-11-28	24.51	24.60	23.69	23.73	6277379	151902720.00
2024-11-29	23.50	24.06	23.28	23.72	5457277	129862224.00
2024-12-02	23.72	24.32	23.72	24.28	4972047	120418880.00
2024-12-03	24.37	24.55	23.90	24.15	4742081	115326272.00
2024-12-04	24.20	24.20	23.43	23.57	4159983	99322208.00
2024-12-05	23.54	23.89	23.35	23.83	3088300	73454800.00
2024-12-06	23.83	24.01	23.32	23.88	4479087	106526824.00
2024-12-09	23.70	25.56	23.67	25.19	10142058	251559792.00
2024-12-10	26.11	26.11	24.81	24.82	8221800	208703296.00
2024-12-11	24.90	24.90	24.46	24.88	4438998	110057160.00
2024-12-12	24.75	25.39	24.51	25.23	5708901	143296352.00
2024-12-13	25.13	25.13	24.40	24.41	4689208	116237136.00
2024-12-16	24.40	24.50	23.70	23.86	3227663	77649800.00
2024-12-17	23.70	23.77	22.70	22.78	3844415	89236584.00
2024-12-18	22.82	22.99	22.41	22.74	2518700	57556984.00
2024-12-19	22.35	23.00	22.30	23.00	2263475	51504684.00
2024-12-20	23.00	23.46	22.88	23.20	2405651	56149940.00
2024-12-23	23.11	24.10	22.71	23.36	4379785	103114640.00
2024-12-24	23.18	23.84	22.93	23.22	2896589	67738344.00
2024-12-25	23.24	24.59	22.34	24.18	7690061	184231104.00
2024-12-26	23.90	24.45	23.61	24.01	5113986	123292424.00
2024-12-27	23.87	24.65	23.72	24.29	5659764	137758496.00
2024-12-30	24.06	24.22	23.30	23.34	4209388	100078600.00
2024-12-31	23.33	23.65	22.69	22.75	2793856	64892580.00
2025-01-02	22.73	22.92	21.51	21.75	3586700	80006664.00
2025-01-03	21.83	21.88	20.30	20.31	3540096	74892240.00
2025-01-06	20.18	20.35	19.49	19.77	2477545	49554304.00
2025-01-07	19.68	20.23	19.59	20.22	2536428	50795144.00
2025-01-08	20.10	20.41	19.63	20.27	2436175	49220104.00
2025-01-09	20.28	20.48	20.20	20.26	2192975	44831036.00
2025-01-10	20.26	20.38	19.50	19.50	2199160	44067580.00
2025-01-13	19.38	19.55	18.92	19.28	1742324	33679736.00
2025-01-14	19.50	20.20	19.40	20.20	2914513	58301756.00
2025-01-15	20.22	20.40	19.97	20.03	2070963	41956848.00
2025-01-16	20.24	20.44	19.82	20.06	2454286	49729652.00
2025-01-17	20.06	20.20	19.73	20.06	1909900	38390736.00
2025-01-20	20.16	22.08	20.02	22.08	6976642	148861392.00
2025-01-21	22.18	22.46	21.53	21.93	7478516	164341472.00
2025-01-22	21.90	21.90	21.11	21.18	4541586	97355208.00
2025-01-23	21.40	21.66	21.18	21.18	2982600	64187740.00
2025-01-24	21.26	21.35	20.92	21.28	2947500	62818808.00
2025-01-27	21.50	21.89	20.98	20.98	3304513	71387264.00
2025-02-05	21.19	21.48	21.19	21.41	2228100	47785564.00
2025-02-06	21.32	21.83	21.16	21.79	3327799	72094760.00
2025-02-07	21.79	22.24	21.70	22.00	4291499	95019632.00
2025-02-10	22.02	22.27	21.97	22.26	2838613	63184112.00
2025-02-11	22.25	22.25	21.80	21.90	2565900	56520796.00
2025-02-12	21.78	22.06	21.77	22.05	2468215	54440572.00
2025-02-13	22.05	22.25	21.74	21.74	2978082	65692512.00
2025-02-14	21.73	21.82	21.41	21.55	2385500	51711188.00
2025-02-17	21.40	21.96	21.38	21.87	2330900	51030468.00
2025-02-18	21.89	21.92	21.00	21.05	2687191	58055620.00
2025-02-19	21.06	21.72	21.06	21.69	2746313	59300436.00
2025-02-20	21.85	21.88	21.49	21.72	2383713	51896424.00
2025-02-21	21.81	21.87	21.31	21.81	2942917	64052496.00
2025-02-24	21.90	22.45	21.61	22.10	4330226	95953872.00
2025-02-25	22.10	22.34	21.81	21.93	3492055	77467200.00
2025-02-26	22.19	22.28	21.89	22.10	2690255	59678152.00
2025-02-27	22.14	23.38	22.05	22.49	7418138	168678032.00
2025-02-28	22.49	22.49	21.10	21.19	4821916	105171264.00
2025-03-03	21.31	21.60	20.94	21.08	2900500	62116204.00
2025-03-04	21.10	21.45	20.91	21.45	2117700	45312760.00
2025-03-05	21.42	22.31	21.11	22.13	4416438	96758600.00
2025-03-06	22.02	22.32	21.92	22.25	3623993	80614808.00
2025-03-07	22.03	22.20	21.67	21.79	2772400	61130548.00
2025-03-10	21.79	22.22	21.70	22.15	2410313	53483252.00
2025-03-11	21.93	22.36	21.78	22.06	2737119	60578648.00
2025-03-12	22.07	22.30	21.91	22.23	2954600	65712804.00
2025-03-13	22.24	22.29	21.54	21.82	2733400	59961660.00
2025-03-14	21.88	22.20	21.58	22.10	2511973	55358796.00
2025-03-17	22.20	22.54	22.02	22.44	3872513	86710944.00
2025-03-18	22.45	22.94	22.40	22.93	4772395	108833960.00
2025-03-19	22.93	23.35	22.65	22.96	5095295	117810600.00
2025-03-20	23.00	24.72	22.68	23.82	12876123	303680864.00
2025-03-21	23.41	26.21	23.29	24.78	18080189	452289696.00
2025-03-24	24.50	25.53	23.10	23.52	13610008	333247328.00
2025-03-25	23.68	24.80	23.01	24.15	9444005	226719904.00
2025-03-26	23.74	24.49	23.31	23.54	7935402	189625392.00
2025-03-27	23.30	23.31	22.01	22.40	6908317	156265568.00
2025-03-28	22.41	22.62	21.45	21.45	5361892	118374176.00
2025-03-31	21.10	21.30	20.32	20.81	4758438	98888056.00
2025-04-01	20.90	21.33	20.82	21.04	3151325	66833228.00
2025-04-02	20.91	21.27	20.85	20.98	1967530	41616284.00
2025-04-03	20.61	21.04	20.39	20.69	2498165	51940352.00
2025-04-07	19.20	19.40	18.61	18.61	2147500	40522176.00
2025-04-08	18.26	18.26	16.74	16.84	6189777	107253016.00
2025-04-09	16.39	17.56	15.37	17.34	4965488	83610112.00
2025-04-10	17.67	18.21	17.67	17.92	3451988	62518736.00
2025-04-11	17.79	18.25	17.71	17.99	2368900	43122920.00
2025-04-14	18.26	18.71	18.26	18.52	2347046	43710788.00
2025-04-15	18.59	18.69	18.29	18.62	2078308	38650516.00
2025-04-16	18.46	18.67	17.80	18.12	2249636	41081068.00
2025-04-17	17.90	18.44	17.87	18.21	1672213	30765368.00
2025-04-18	18.22	18.59	17.98	18.34	2518719	46258612.00
2025-04-21	18.49	18.97	18.25	18.75	2930519	54922708.00
2025-04-22	19.45	19.55	18.60	18.82	2929500	55520376.00
2025-04-23	18.80	19.22	18.80	19.13	2839600	54418568.00
2025-04-24	19.01	19.35	18.67	18.90	2593055	49441940.00
2025-04-25	18.98	19.02	18.73	18.83	1805600	34268784.00
2025-04-28	19.02	19.38	18.61	18.63	1916000	36272632.00
2025-04-29	18.46	19.09	18.46	18.80	1752100	33291108.00
2025-04-30	18.78	19.14	18.78	19.02	1727400	33016104.00
2025-05-06	19.15	19.63	19.15	19.59	2394013	46777408.00
2025-05-07	19.70	20.39	19.59	19.76	4141985	82744984.00
2025-05-08	19.58	20.39	19.56	20.31	3500279	70803512.00
2025-05-09	20.25	20.77	20.01	20.01	2636913	53566840.00
2025-05-12	20.26	20.86	20.19	20.78	3944452	81733040.00
2025-05-13	20.91	21.09	20.56	20.58	3465032	72527000.00
2025-05-14	20.55	20.66	20.19	20.26	2430900	49697452.00
2025-05-15	20.27	20.58	19.93	20.19	2053500	41675064.00
2025-05-16	20.10	20.56	20.10	20.26	1518400	31119952.00
2025-05-19	20.25	20.39	20.01	20.39	1176739	23913096.00
2025-05-20	20.32	20.50	20.16	20.40	1457275	29808388.00
2025-05-21	20.41	20.51	20.08	20.17	1668800	33981436.00
2025-05-22	20.17	20.47	20.02	20.04	1438768	29245996.00
2025-05-23	20.00	20.34	19.83	19.94	1840600	37112004.00
2025-05-26	19.85	20.76	19.84	20.34	2336800	47627036.00
2025-05-27	20.29	20.55	20.02	20.13	1456600	29598024.00
2025-05-28	20.08	20.36	19.92	20.00	1492500	30167062.00
2025-05-29	20.00	20.67	19.83	20.47	1974544	40475476.00
2025-05-30	20.46	20.65	19.97	20.08	1478500	29941512.00
2025-06-03	20.03	20.80	20.00	20.67	2997633	61491044.00
2025-06-04	20.71	21.19	20.51	20.59	3001200	62443136.00
2025-06-05	20.85	22.65	20.58	22.65	12251200	272807136.00
2025-06-06	22.43	23.00	21.70	21.87	15091570	334037344.00
2025-06-09	21.83	22.18	21.49	22.18	10299527	224989392.00
2025-06-10	21.90	22.70	21.58	21.65	9880400	217445824.00
2025-06-11	21.44	21.85	21.30	21.36	6251800	134215768.00
2025-06-12	21.32	21.85	21.00	21.68	6232219	134036944.00
2025-06-13	21.50	21.70	20.68	20.78	5485300	115385480.00
2025-06-16	20.78	21.11	20.52	20.90	3331100	69594432.00
2025-06-17	20.82	20.98	20.28	20.42	4032661	82563776.00
2025-06-18	20.42	20.44	20.12	20.33	2311085	46857116.00
2025-06-19	20.30	20.36	19.67	19.69	2927213	58334284.00
2025-06-20	19.57	19.90	19.48	19.56	1731600	34014748.00
2025-06-23	19.50	19.88	19.31	19.83	1478700	29164600.00
2025-06-24	19.91	20.37	19.91	20.29	2308426	46642856.00
2025-06-25	20.30	20.43	20.15	20.32	2026300	41123612.00
2025-06-26	20.32	20.51	20.12	20.22	2136600	43394196.00
2025-06-27	20.33	20.42	20.20	20.36	1936931	39392744.00
2025-06-30	20.46	20.82	20.36	20.72	2993405	61689496.00
2025-07-01	20.79	20.90	20.50	20.65	2147100	44447844.00
2025-07-02	20.61	20.71	20.33	20.46	1756407	35910704.00
2025-07-03	20.46	20.88	20.37	20.71	2785600	57699576.00
2025-07-04	20.55	20.69	20.31	20.37	1974900	40337968.00
2025-07-07	20.34	20.51	20.21	20.49	1395191	28500700.00
2025-07-08	20.45	20.78	20.37	20.75	1777507	36717060.00
2025-07-09	20.77	20.88	20.57	20.66	1684923	34952924.00
2025-07-10	20.56	20.67	20.37	20.59	1605799	32962148.00
2025-07-11	20.59	20.67	20.31	20.49	2478228	50742676.00
2025-07-14	20.60	21.22	20.53	20.92	3262756	68171088.00
2025-07-15	20.96	21.05	20.44	20.66	2083413	42991820.00
2025-07-16	20.70	20.90	20.56	20.76	2157681	44835512.00
2025-07-17	20.74	20.88	20.56	20.86	1757100	36567484.00
2025-07-18	21.29	21.29	20.72	20.86	2843728	59410092.00
2025-07-21	21.00	21.29	20.93	21.24	3808219	80484160.00
2025-07-22	21.28	21.36	20.98	21.18	2532576	53552592.00
2025-07-23	21.24	21.24	20.89	20.94	2235500	46993600.00
2025-07-24	20.88	21.10	20.88	21.02	2378543	50022120.00
2025-07-25	21.00	21.07	20.85	21.06	1829191	38374808.00
2025-07-28	21.22	21.24	20.95	21.08	1598528	33723016.00
2025-07-29	21.14	21.15	20.78	20.84	1891000	39540928.00
2025-07-30	20.90	21.09	20.40	20.57	2599547	53698664.00
2025-07-31	20.67	21.00	20.41	20.54	2926888	60813764.00
2025-08-01	20.49	20.75	20.45	20.60	1570692	32375254.00
2025-08-04	20.46	21.63	20.46	21.21	4782653	101001576.00
2025-08-05	21.22	21.43	21.17	21.35	3440000	73296752.00
2025-08-06	21.35	21.82	21.32	21.52	5073500	109498832.00
2025-08-07	21.45	22.50	21.40	21.72	6460646	140496464.00
2025-08-08	21.51	23.89	21.49	22.67	18727903	430465728.00
2025-08-11	22.37	23.10	22.30	22.62	11937043	270168960.00
2025-08-12	22.58	22.77	22.09	22.22	7382977	164888064.00
2025-08-13	22.33	22.65	22.08	22.14	5939823	132234944.00
2025-08-14	22.24	22.38	21.55	21.57	5611870	122734040.00
2025-08-15	21.57	23.73	21.57	22.54	15794709	360301472.00
2025-08-18	22.82	23.40	22.42	22.84	11376596	258629760.00
2025-08-19	22.97	23.00	22.38	22.43	6652548	149791680.00
2025-08-20	22.50	22.88	22.37	22.73	6028660	136520784.00
2025-08-21	22.65	22.70	22.30	22.51	4230524	95066112.00
2025-08-22	22.30	22.40	22.12	22.26	3821317	84925984.00
2025-08-25	22.33	22.71	22.08	22.71	7670903	171683280.00
2025-08-26	22.40	23.05	22.31	22.75	8283599	188958032.00
2025-08-27	22.70	22.79	21.86	21.87	6494884	145391968.00
2025-08-28	21.86	22.53	21.20	21.72	5238936	114094864.00
2025-08-29	21.73	21.86	21.39	21.42	4082402	88031048.00
2025-09-01	21.31	21.60	21.22	21.47	3079992	66084748.00
2025-09-02	21.47	21.50	20.72	21.08	3834277	80664592.00
2025-09-03	21.02	21.14	20.37	20.39	2962200	61347344.00
2025-09-04	20.45	20.70	20.14	20.37	2243764	45939888.00
2025-09-05	20.38	20.71	20.33	20.70	1952316	40184004.00
2025-09-08	21.34	21.68	21.01	21.42	3896600	82966248.00
2025-09-09	21.40	21.45	20.99	21.05	2505464	53036956.00
2025-09-10	21.00	21.22	20.97	20.97	1694124	35723548.00
2025-09-11	20.93	21.12	20.70	21.11	1883645	39481264.00
2025-09-12	21.10	21.19	20.90	20.95	1885390	39651232.00
2025-09-15	20.79	20.89	20.68	20.78	1461938	30364154.00
2025-09-16	20.78	21.11	20.68	21.10	2041354	42692548.00
2025-09-17	21.10	21.18	20.99	21.12	1740024	36724520.00
2025-09-18	21.10	21.10	20.55	20.81	2587084	53947696.00
2025-09-19	20.73	20.88	20.53	20.79	1760473	36396992.00
2025-09-22	20.63	20.85	20.50	20.82	1780932	36858192.00
2025-09-23	20.71	21.14	20.41	21.13	3171597	65855632.00
2025-09-24	21.00	21.38	20.94	21.18	2682545	56980540.00
2025-09-25	21.08	21.26	20.80	20.80	2131000	44708504.00
2025-09-26	20.84	20.99	20.54	20.55	1828513	37965048.00
2025-09-29	20.39	20.53	19.84	20.28	2767941	55796408.00
2025-09-30	20.20	20.34	20.10	20.19	1547696	31314656.00
2025-10-23	23.36	23.36	23.36	23.36	0	0.00
数据来源:通达信
