002942 新农股份 日线 前复权
      日期	    开盘	    最高	    最低	    收盘	    成交量	    成交额
2018-12-05	11.25	13.90	11.25	13.90	45392	931239.88
2018-12-06	15.48	15.48	15.48	15.48	14011	318049.69
2018-12-07	17.23	17.23	17.23	17.23	27375	683553.75
2018-12-10	19.15	19.15	19.15	19.15	73668	2023660.00
2018-12-11	21.27	21.27	21.27	21.27	182123	5503757.00
2018-12-12	23.59	23.59	23.59	23.59	683304	22713024.00
2018-12-13	23.48	25.91	22.14	24.43	20315702	665641216.00
2018-12-14	23.40	23.71	22.54	22.63	13616568	445775008.00
2018-12-17	21.87	22.33	21.48	22.20	9125778	284413984.00
2018-12-18	21.95	22.55	21.60	22.24	8834597	276874016.00
2018-12-19	21.98	22.39	21.30	21.67	7899777	243938400.00
2018-12-20	21.32	21.48	20.10	20.94	10277317	305031936.00
2018-12-21	20.67	21.31	20.13	21.20	8835050	260659712.00
2018-12-24	20.94	22.07	20.85	21.67	10336197	316974752.00
2018-12-25	20.94	21.17	20.03	21.03	8213368	241213168.00
2018-12-26	20.87	23.33	20.75	21.81	12496445	387002560.00
2018-12-27	22.25	24.19	22.13	24.19	22107522	730583424.00
2018-12-28	23.02	23.25	21.57	21.57	16552184	524572768.00
2019-01-02	20.71	21.00	20.19	20.41	9945749	291586272.00
2019-01-03	20.18	20.60	18.48	18.73	11264922	311235168.00
2019-01-04	18.26	19.37	18.26	19.08	8246675	224541008.00
2019-01-07	19.20	19.50	18.87	19.29	7964528	219302944.00
2019-01-08	19.22	19.74	18.80	19.49	9002512	249695520.00
2019-01-09	19.50	21.33	19.40	20.67	13165673	379849056.00
2019-01-10	20.36	21.43	19.90	21.17	12505957	367489664.00
2019-01-11	21.31	23.16	21.02	22.37	15210579	480203328.00
2019-01-14	23.40	23.85	19.93	19.93	14625164	451109280.00
2019-01-15	19.11	21.62	19.02	21.40	12293689	354582816.00
2019-01-16	20.96	22.25	20.55	21.06	11085841	337964512.00
2019-01-17	21.02	22.87	20.60	22.21	12644635	394210976.00
2019-01-18	21.99	24.63	21.71	23.54	17806752	586568640.00
2019-01-21	23.36	25.85	22.62	24.54	15516928	523933152.00
2019-01-22	24.05	27.20	23.98	27.20	19146021	697587904.00
2019-01-23	26.63	27.87	24.87	26.79	18372268	681222592.00
2019-01-24	26.20	27.01	24.70	24.73	15324750	551626240.00
2019-01-25	24.20	24.81	22.46	22.94	12524986	419342464.00
2019-01-28	23.31	23.87	22.40	23.75	11198908	367619424.00
2019-01-29	23.03	25.27	21.56	24.53	13679440	459888192.00
2019-01-30	24.22	25.33	23.14	23.43	11766003	404312960.00
2019-01-31	22.33	23.16	20.90	20.90	10391985	320730368.00
2019-02-01	20.79	21.44	20.70	20.80	6260677	187598592.00
2019-02-11	21.10	22.23	20.95	22.13	6483258	199948272.00
2019-02-12	22.33	23.14	22.33	22.63	7840502	251324464.00
2019-02-13	22.33	23.07	22.17	22.76	7766787	248759888.00
2019-02-14	22.63	24.40	22.46	24.37	10109018	335254688.00
2019-02-15	23.93	25.08	23.53	24.10	10056561	342098112.00
2019-02-18	23.84	25.07	23.50	24.80	9737435	332259680.00
2019-02-19	24.48	24.84	23.57	24.21	8839102	301989888.00
2019-02-20	24.78	25.60	23.41	24.23	10772042	373948576.00
2019-02-21	23.40	23.77	22.25	23.13	8561338	279953760.00
2019-02-22	22.98	23.37	22.65	23.18	5146434	168007120.00
2019-02-25	23.18	24.34	23.05	24.32	8642120	289552512.00
2019-02-26	24.54	26.16	23.97	25.40	13365693	472270848.00
2019-02-27	25.02	25.62	24.48	25.20	8854219	310732576.00
2019-02-28	24.77	25.25	23.95	24.15	6448715	223041488.00
2019-03-01	24.29	24.55	23.73	24.43	5076324	172643168.00
2019-03-04	24.33	25.30	24.29	24.70	7678789	266997888.00
2019-03-05	24.44	24.69	23.87	24.63	5512731	187964864.00
2019-03-06	24.63	26.25	24.29	26.06	12172028	434261824.00
2019-03-07	25.55	28.40	25.17	26.97	13109902	489335424.00
2019-03-08	25.81	26.43	24.07	24.07	9267598	330738880.00
2019-03-11	23.89	24.70	23.66	24.66	5155603	175744432.00
2019-03-12	24.66	25.67	24.66	25.19	6003749	211551328.00
2019-03-13	25.03	25.03	23.33	23.55	6308642	214933904.00
2019-03-14	23.40	23.80	21.93	22.37	4097786	132040920.00
2019-03-15	22.48	23.08	22.44	23.06	3084843	99467696.00
2019-03-18	23.40	24.14	23.10	24.03	3601711	120169392.00
2019-03-19	24.13	24.13	23.54	23.64	3211823	107571080.00
2019-03-20	23.78	23.87	23.17	23.83	3135042	104293664.00
2019-03-21	23.79	23.87	23.42	23.60	3130516	104377248.00
2019-03-22	23.63	23.77	23.08	23.63	2791176	92555696.00
2019-03-25	23.25	23.89	23.03	23.47	2804993	93192872.00
2019-03-26	23.77	24.31	23.67	23.86	5186269	175129184.00
2019-03-27	24.02	24.10	21.71	22.71	4273839	138226480.00
2019-03-28	22.73	22.78	21.87	22.05	2766862	87573992.00
2019-03-29	21.32	22.01	20.72	21.90	4910146	148937616.00
2019-04-01	21.87	22.63	21.87	22.47	3594104	113796800.00
2019-04-02	22.63	22.94	22.22	22.40	3987859	127275272.00
2019-04-03	21.90	22.63	21.90	22.59	3106841	98375832.00
2019-04-04	22.69	23.39	22.67	23.05	4456760	145210480.00
2019-04-08	25.03	25.55	24.17	24.61	11316585	393416544.00
2019-04-09	24.99	25.94	24.00	24.40	8513273	296155840.00
2019-04-10	24.52	24.90	23.70	23.70	5351549	181177328.00
2019-04-11	23.69	23.98	22.15	22.17	5204778	168123216.00
2019-04-12	22.11	22.37	21.71	22.03	2786611	86962744.00
2019-04-15	22.36	22.40	21.73	21.80	2257903	70697752.00
2019-04-16	21.81	22.21	21.56	22.21	2143134	66733272.00
2019-04-17	22.22	22.35	21.98	22.11	2479986	77774520.00
2019-04-18	22.10	22.29	21.70	21.79	2350189	73021008.00
2019-04-19	21.79	22.53	21.34	22.26	3219848	100481504.00
2019-04-22	22.17	22.17	21.63	21.79	2136941	66127072.00
2019-04-23	21.77	21.87	21.56	21.60	1292482	39796248.00
2019-04-24	21.63	21.78	21.25	21.50	1240778	37822472.00
2019-04-25	21.40	21.77	20.73	20.88	1608295	48683008.00
2019-04-26	20.87	20.88	19.95	19.95	2133498	61641280.00
2019-04-29	20.00	20.14	18.03	18.73	2019700	55218028.00
2019-04-30	18.63	19.15	18.56	19.01	1042944	28425874.00
2019-05-06	18.63	18.63	17.17	17.50	1894708	48737780.00
2019-05-07	17.57	18.10	17.53	17.95	1382637	35546824.00
2019-05-08	17.44	18.30	17.34	18.10	1538911	39929276.00
2019-05-09	17.87	18.40	17.70	18.24	1302603	34066852.00
2019-05-10	18.37	18.68	17.88	18.65	2035200	54167336.00
2019-05-13	18.40	18.63	18.35	18.60	1004152	26744938.00
2019-05-14	18.37	18.49	18.17	18.20	971711	25681186.00
2019-05-15	18.40	18.90	18.39	18.72	1318611	34929508.00
2019-05-16	18.72	19.98	18.57	19.44	2598822	71158320.00
2019-05-17	19.13	19.73	18.59	18.68	2433811	66618848.00
2019-05-20	18.17	18.40	17.49	18.05	1397101	35732916.00
2019-05-21	18.03	18.55	17.89	18.33	1021000	26603278.00
2019-05-22	18.35	18.43	17.83	17.90	1109279	28571366.00
2019-05-23	17.90	18.22	17.73	17.76	932500	23873974.00
2019-05-24	17.58	18.08	17.58	18.00	999704	25530078.00
2019-05-27	17.96	18.99	17.81	18.79	1975699	52265016.00
2019-05-28	18.61	19.53	18.61	18.84	2345618	63502116.00
2019-05-29	19.04	19.68	19.04	19.35	2483172	68182704.00
2019-05-30	19.09	21.46	19.04	21.19	7607746	222104480.00
2019-05-31	20.62	21.98	20.23	20.85	7273347	215088192.00
2019-06-03	20.60	22.47	20.40	21.97	8159282	248246784.00
2019-06-04	20.95	21.02	19.60	20.13	5012721	143232288.00
2019-06-05	20.21	21.56	20.17	21.10	4855710	142723248.00
2019-06-06	20.93	20.93	18.95	19.26	3947729	110515208.00
2019-06-10	19.17	19.51	18.71	19.02	2352505	63586084.00
2019-06-11	19.19	19.87	19.02	19.80	3174665	87978216.00
2019-06-12	19.76	20.54	19.58	20.14	3859740	109414232.00
2019-06-13	20.11	20.12	19.43	19.57	2728147	75997176.00
2019-06-14	19.73	19.87	18.26	18.38	3003460	81013888.00
2019-06-17	18.29	18.87	18.29	18.63	1111100	29400344.00
2019-06-18	18.63	19.10	18.43	18.76	1349707	36080716.00
2019-06-19	19.17	19.25	18.83	19.04	1768943	47740880.00
2019-06-20	19.00	19.21	18.62	19.20	1960696	52906096.00
2019-06-21	19.29	19.56	19.10	19.35	2043411	56002212.00
2019-06-24	19.35	19.40	19.10	19.37	1327311	36239884.00
2019-06-25	19.30	19.32	18.63	18.79	1568411	41943760.00
2019-06-26	18.73	18.98	18.57	18.90	832600	22297132.00
2019-06-27	18.80	19.11	18.73	18.79	1164240	31213642.00
2019-06-28	18.80	18.89	18.11	18.33	1475631	38537056.00
2019-07-01	18.62	18.93	18.62	18.88	1364329	36411712.00
2019-07-02	18.90	19.14	18.80	19.03	1416544	38214752.00
2019-07-03	19.02	19.02	18.63	18.77	980611	26147326.00
2019-07-04	18.77	18.90	18.50	18.57	949637	25171984.00
2019-07-05	18.69	19.07	18.60	19.00	1109870	29740588.00
2019-07-08	19.11	19.11	18.17	18.44	1357800	35825744.00
2019-07-09	18.37	18.47	18.11	18.40	833742	21709838.00
2019-07-10	18.40	18.47	18.02	18.06	838379	21765012.00
2019-07-11	18.07	18.37	18.01	18.09	730472	18924464.00
2019-07-12	18.25	20.07	18.00	20.07	4165082	116004792.00
2019-07-15	20.48	20.50	19.17	19.77	6097910	170936784.00
2019-07-16	19.54	20.17	19.23	20.00	5456821	152124448.00
2019-07-17	19.63	20.08	19.58	19.75	3597591	100412072.00
2019-07-18	19.57	19.58	19.10	19.11	2276138	62113448.00
2019-07-19	19.26	19.48	18.63	18.63	2366291	64190132.00
2019-07-22	18.64	18.66	17.05	17.25	2814620	70594400.00
2019-07-23	17.30	17.46	17.16	17.44	1117400	27719036.00
2019-07-24	17.60	17.80	17.48	17.79	1522652	38503824.00
2019-07-25	17.78	17.78	17.55	17.70	1417400	35743348.00
2019-07-26	17.61	17.69	17.50	17.67	913947	23000158.00
2019-07-29	17.81	17.81	17.57	17.60	846100	21325852.00
2019-07-30	17.60	17.83	17.59	17.67	1124411	28438640.00
2019-07-31	17.59	17.90	17.33	17.84	1460700	36752904.00
2019-08-01	17.53	17.80	17.49	17.67	893574	22529598.00
2019-08-02	17.24	17.60	17.13	17.52	1075900	26823220.00
2019-08-05	17.52	17.76	17.44	17.48	1077563	27127354.00
2019-08-06	17.10	17.10	16.35	16.90	1672711	40289020.00
2019-08-07	16.93	17.06	16.73	16.86	959711	23310442.00
2019-08-08	16.86	17.08	16.83	16.92	828379	20182124.00
2019-08-09	17.03	17.13	16.53	16.58	938300	22635134.00
2019-08-12	16.60	16.80	16.53	16.78	711011	16995608.00
2019-08-13	16.67	16.67	16.40	16.60	877994	20847932.00
2019-08-14	16.87	16.90	16.67	16.71	848159	20458224.00
2019-08-15	16.19	16.70	16.11	16.67	990508	23369812.00
2019-08-16	16.62	16.90	16.50	16.75	924600	22303252.00
2019-08-19	16.77	17.21	16.77	17.21	1298860	31744792.00
2019-08-20	17.15	17.53	17.15	17.47	1565865	38815436.00
2019-08-21	17.47	17.68	17.30	17.41	1293911	32287570.00
2019-08-22	17.60	17.61	17.18	17.47	1504500	37481192.00
2019-08-23	17.56	17.89	17.44	17.46	1854000	46753452.00
2019-08-26	17.03	17.69	16.98	17.53	1355211	33705184.00
2019-08-27	17.58	17.91	17.58	17.83	1615000	41085388.00
2019-08-28	17.83	18.13	17.72	17.93	1221600	31219532.00
2019-08-29	17.95	18.17	17.82	17.90	1181811	30401930.00
2019-08-30	18.17	18.17	17.40	17.64	1506300	38318360.00
2019-09-02	17.57	18.07	17.57	17.96	1238387	31647758.00
2019-09-03	18.13	18.22	17.96	18.14	1061511	27371606.00
2019-09-04	18.05	18.23	17.94	18.20	1145982	29602036.00
2019-09-05	18.17	18.48	18.13	18.13	1519634	39647020.00
2019-09-06	18.15	18.43	18.07	18.24	1233590	32020718.00
2019-09-09	18.33	18.60	18.23	18.57	1397879	36737288.00
2019-09-10	18.53	18.55	18.35	18.48	1285611	33721392.00
2019-09-11	18.94	19.23	18.61	18.63	2424463	65114796.00
2019-09-12	18.57	18.78	18.37	18.67	1500555	39581268.00
2019-09-16	18.68	18.77	18.43	18.50	1209900	31925764.00
2019-09-17	18.50	18.50	17.77	17.90	1556032	40158064.00
2019-09-18	18.05	18.30	17.98	18.18	1268032	32801624.00
2019-09-19	18.33	18.62	18.16	18.60	1742194	45806100.00
2019-09-20	18.51	18.90	18.44	18.56	1199903	31749826.00
2019-09-23	18.63	18.63	18.15	18.24	1094100	28520896.00
2019-09-24	18.17	18.40	18.03	18.05	1123849	29118792.00
2019-09-25	18.07	18.70	18.06	18.32	2264527	59563736.00
2019-09-26	18.42	20.33	18.42	20.33	7201142	201724656.00
2019-09-27	20.99	22.53	19.85	22.53	16279653	500093280.00
2019-09-30	21.94	24.97	21.39	24.97	14696654	491050816.00
2019-10-08	23.97	27.63	23.86	27.11	14611330	538799360.00
2019-10-09	25.94	27.48	24.23	25.65	9161088	323933280.00
2019-10-10	26.00	27.63	26.00	27.17	6563595	242519776.00
2019-10-11	26.71	27.49	26.03	26.33	4295933	159816784.00
2019-10-14	24.63	25.79	24.17	24.33	4750535	164232608.00
2019-10-15	24.84	25.27	24.33	24.62	3538866	121944648.00
2019-10-16	24.72	25.25	24.48	24.56	2535769	87461992.00
2019-10-17	24.80	24.97	24.48	24.65	1649452	56625716.00
2019-10-18	24.86	24.94	24.53	24.68	1409718	48462868.00
2019-10-21	24.70	24.70	22.10	23.13	1861064	59975096.00
2019-10-22	23.43	23.59	22.94	23.26	1466856	47534496.00
2019-10-23	23.40	23.47	22.98	23.00	950614	30818196.00
2019-10-24	23.10	23.10	22.19	23.02	1356938	43200476.00
2019-10-25	22.93	23.21	22.57	23.15	934700	29988888.00
2019-10-28	23.44	23.44	22.48	22.71	1706255	54629644.00
2019-10-29	22.67	22.67	21.00	21.79	1621948	50334300.00
2019-10-30	21.56	22.00	21.16	21.32	1129089	34082304.00
2019-10-31	21.17	21.50	20.47	20.86	1552625	45712636.00
2019-11-01	20.79	21.07	20.59	20.87	1070400	31386420.00
2019-11-04	20.70	21.87	20.02	21.01	2734411	80116848.00
2019-11-05	20.85	20.89	20.45	20.49	1322567	38509008.00
2019-11-06	20.51	21.85	20.37	21.73	3018189	89996008.00
2019-11-07	22.10	24.08	21.60	24.08	5207054	168712576.00
2019-11-08	24.68	26.30	23.80	23.98	6015326	210338400.00
2019-11-11	24.07	24.87	23.25	24.52	3147142	106325776.00
2019-11-12	24.81	25.60	24.40	25.12	3126212	108409968.00
2019-11-13	24.52	24.98	23.18	24.39	3116262	104331312.00
2019-11-14	24.30	24.45	23.63	23.75	1711153	56991864.00
2019-11-15	23.81	24.00	21.20	21.20	4010982	122378320.00
2019-11-18	19.48	19.97	18.96	19.06	4050620	111346168.00
2019-11-19	18.87	21.14	18.87	21.14	4426900	127926792.00
2019-11-20	22.08	22.54	20.56	21.26	5598693	169057856.00
2019-11-21	21.63	21.65	20.80	21.03	2467935	73642176.00
2019-11-22	21.30	21.30	20.57	20.57	1883533	55338480.00
2019-11-25	20.17	20.70	19.90	20.36	1603850	45881816.00
2019-11-26	20.18	20.56	19.40	19.65	2551152	71663056.00
2019-11-27	19.60	19.91	18.99	19.31	2059500	56696856.00
2019-11-28	19.43	20.67	19.25	19.63	3017741	85029288.00
2019-11-29	19.62	19.80	19.16	19.27	1800200	49407896.00
2019-12-02	19.17	19.40	18.63	18.86	2254211	60677716.00
2019-12-03	18.89	19.02	18.18	18.55	2373500	62425924.00
2019-12-04	18.31	18.70	18.26	18.40	1966363	51705248.00
2019-12-05	18.45	19.37	18.45	19.27	3554221	96278416.00
2019-12-06	19.03	19.77	18.97	19.50	3329045	91750576.00
2019-12-09	19.50	19.60	19.07	19.16	2548256	69485680.00
2019-12-10	19.16	19.53	19.10	19.33	2384619	65301832.00
2019-12-11	19.45	19.45	18.72	18.95	2551800	68749632.00
2019-12-12	18.85	19.14	18.63	18.65	1905100	51011224.00
2019-12-13	18.82	19.29	18.72	19.27	2949000	79812184.00
2019-12-16	19.27	20.17	19.23	19.90	3565300	99209304.00
2019-12-17	19.93	20.21	19.77	20.13	3440123	97282112.00
2019-12-18	20.00	20.32	19.93	19.97	2951708	83878552.00
2019-12-19	19.95	20.14	19.90	20.13	2173722	61512708.00
2019-12-20	20.18	20.27	19.65	19.72	2257679	63606484.00
2019-12-23	19.72	20.80	19.54	19.92	4703200	134167520.00
2019-12-24	19.68	19.91	19.42	19.84	2415700	67212768.00
2019-12-25	19.73	19.93	19.49	19.81	1784311	49742348.00
2019-12-26	19.77	20.00	19.70	19.86	1660939	46588944.00
2019-12-27	19.94	20.67	19.80	20.27	3457631	98579080.00
2019-12-30	20.20	20.20	19.33	19.73	2801800	78144392.00
2019-12-31	19.73	20.00	19.64	19.92	1666408	46834092.00
2020-01-02	20.00	20.53	19.90	20.27	2745500	78424424.00
2020-01-03	20.28	22.44	20.25	21.40	6157900	184086304.00
2020-01-06	21.31	21.31	20.74	20.89	3984812	117814072.00
2020-01-07	20.91	21.13	20.79	21.00	2533212	74846072.00
2020-01-08	20.83	20.83	20.13	20.13	3228800	93271824.00
2020-01-09	20.29	20.67	20.29	20.51	1794200	51831192.00
2020-01-10	20.61	20.76	20.37	20.64	1772562	51401308.00
2020-01-13	20.73	21.25	20.64	21.21	2715912	80601480.00
2020-01-14	21.23	21.48	20.99	21.07	1895000	56382564.00
2020-01-15	21.07	21.12	20.55	20.97	1830422	53802004.00
2020-01-16	20.97	21.07	20.60	20.63	1261500	36972868.00
2020-01-17	20.68	21.20	20.68	20.95	1956300	57763784.00
2020-01-20	21.01	21.05	20.48	20.63	1931200	56209084.00
2020-01-21	20.65	20.70	19.87	19.92	2045100	58240920.00
2020-01-22	19.87	19.87	19.32	19.55	1817744	50239456.00
2020-01-23	19.55	19.55	18.37	18.71	2062023	55505676.00
2020-02-03	16.67	16.67	16.67	16.67	264500	6332130.00
2020-02-04	14.83	16.23	14.83	15.91	2409093	54853112.00
2020-02-05	15.92	16.70	15.92	16.70	2043587	48518068.00
2020-02-06	16.87	17.23	16.65	17.17	2082211	50666068.00
2020-02-07	17.18	17.37	16.80	17.27	1948006	47631196.00
2020-02-10	17.16	17.83	16.95	17.80	2014073	50612436.00
2020-02-11	18.05	18.05	17.53	17.67	1594100	40306380.00
2020-02-12	17.52	18.43	17.51	18.25	1915100	49493216.00
2020-02-13	18.37	19.31	18.33	18.35	3237801	86644456.00
2020-02-14	18.15	19.00	18.06	18.69	2418123	63780988.00
2020-02-17	19.70	20.73	19.70	20.73	6987059	201448848.00
2020-02-18	19.79	20.37	19.57	20.11	5164342	146057232.00
2020-02-19	19.80	20.09	19.43	19.66	3222049	90041656.00
2020-02-20	19.77	19.84	19.19	19.71	2477900	68633776.00
2020-02-21	19.68	19.85	19.41	19.57	2235800	62146120.00
2020-02-24	19.53	19.88	19.37	19.83	2681719	74769872.00
2020-02-25	19.40	19.43	18.66	19.25	2845164	77320888.00
2020-02-26	19.02	19.67	18.94	19.07	1690678	46159164.00
2020-02-27	19.07	19.17	18.70	18.83	1268000	34024684.00
2020-02-28	18.23	18.57	17.23	17.30	2199982	56155312.00
2020-03-02	17.30	18.46	17.30	18.40	1618711	41701196.00
2020-03-03	18.72	19.37	18.72	19.10	2445864	65997340.00
2020-03-04	19.02	19.29	18.80	19.17	1581653	42704400.00
2020-03-05	19.15	19.50	19.13	19.48	2448830	67163192.00
2020-03-06	19.75	20.39	19.48	19.53	3333143	93795920.00
2020-03-09	19.01	19.15	18.43	18.57	2259430	60255564.00
2020-03-10	18.10	18.67	17.61	18.63	1891719	48925044.00
2020-03-11	18.60	18.85	18.31	18.33	1492619	39452128.00
2020-03-12	18.07	18.07	17.48	17.77	1527119	38792676.00
2020-03-13	16.72	17.30	16.56	17.12	1658700	40257160.00
2020-03-16	17.48	17.62	16.53	16.53	1123631	27530294.00
2020-03-17	16.57	16.87	15.80	16.30	1191500	27771070.00
2020-03-18	16.39	16.78	16.17	16.20	1115900	26500364.00
2020-03-19	16.22	16.35	15.80	16.24	1067300	24667684.00
2020-03-20	16.40	16.67	16.29	16.67	1077820	25567604.00
2020-03-23	16.33	16.94	15.96	16.35	959500	22606748.00
2020-03-24	16.58	16.92	16.42	16.85	1191902	28601184.00
2020-03-25	17.08	17.24	16.94	17.15	1200613	29435320.00
2020-03-26	17.15	17.63	17.07	17.17	1383198	34278472.00
2020-03-27	17.40	17.40	16.95	16.95	927417	22830826.00
2020-03-30	16.97	17.60	16.41	17.48	1971100	48468904.00
2020-03-31	17.63	18.35	17.37	18.31	3420812	87409512.00
2020-04-01	18.09	18.30	17.13	17.13	2282657	57685868.00
2020-04-02	17.10	17.25	16.56	17.17	1225500	29795914.00
2020-04-03	17.18	17.42	17.06	17.08	878560	21682750.00
2020-04-07	17.25	18.02	17.25	17.98	2249318	57099756.00
2020-04-08	17.94	18.23	17.81	18.08	1606998	41352192.00
2020-04-09	17.99	18.20	17.79	17.97	1295760	33353130.00
2020-04-10	18.10	18.10	17.29	17.36	1215211	30593612.00
2020-04-13	17.59	19.13	17.59	18.28	3165700	82828400.00
2020-04-14	18.14	18.25	17.79	18.11	2210000	56674924.00
2020-04-15	17.98	18.05	17.70	17.84	1765598	45050692.00
2020-04-16	17.64	17.82	17.50	17.79	1026409	25909594.00
2020-04-17	17.79	17.98	17.69	17.79	982609	24992678.00
2020-04-20	17.87	18.10	17.66	18.10	1179100	30140868.00
2020-04-21	18.07	18.07	17.76	18.07	1078209	27501160.00
2020-04-22	17.98	18.63	17.94	18.62	2861320	75131248.00
2020-04-23	18.33	18.42	18.07	18.07	2598100	67402728.00
2020-04-24	17.97	18.00	17.12	17.26	1791679	44865676.00
2020-04-27	17.29	17.63	16.95	17.41	894660	22171282.00
2020-04-28	17.32	17.32	16.10	16.83	1095041	26314782.00
2020-04-29	16.98	17.29	16.97	17.07	686998	16829988.00
2020-04-30	17.07	17.43	17.03	17.40	823703	20434084.00
2020-05-06	17.18	17.67	17.18	17.67	946800	23700860.00
2020-05-07	17.67	17.92	17.56	17.77	1155822	29309968.00
2020-05-08	17.77	18.05	17.77	17.86	1359100	34724760.00
2020-05-11	17.94	18.17	17.87	18.00	1399500	35998040.00
2020-05-12	18.00	18.04	17.65	17.90	904081	23000230.00
2020-05-13	17.80	18.44	17.73	18.34	1988800	51600328.00
2020-05-14	18.19	18.30	17.93	17.97	1136860	29275410.00
2020-05-15	18.03	18.18	17.88	17.94	881700	22699852.00
2020-05-18	17.94	18.06	17.70	17.88	913611	23242986.00
2020-05-19	17.94	18.44	17.87	18.34	1967084	51097428.00
2020-05-20	18.40	18.40	17.90	17.94	1227800	31677472.00
2020-05-21	18.06	18.39	17.79	18.27	1702891	43954404.00
2020-05-22	18.21	18.37	17.39	17.48	1475000	37467900.00
2020-05-25	17.47	17.47	16.98	17.09	858800	21060516.00
2020-05-26	17.19	17.75	17.02	17.66	960991	24005282.00
2020-05-27	17.53	18.20	17.53	18.03	1394700	35784056.00
2020-05-28	18.16	18.57	17.83	18.12	1828300	47427012.00
2020-05-29	18.16	18.30	17.91	18.19	1410966	36490456.00
2020-06-01	18.36	18.55	18.17	18.43	1924095	50428644.00
2020-06-02	18.44	18.52	18.23	18.27	1515886	39587652.00
2020-06-03	18.25	18.39	18.07	18.23	1262792	32720208.00
2020-06-04	18.25	20.23	18.25	20.23	8858925	246873472.00
2020-06-05	20.12	20.40	19.60	19.90	6072778	172081664.00
2020-06-08	20.11	20.92	19.69	20.51	5037689	144621856.00
2020-06-09	20.43	20.50	19.97	20.05	2287589	65369124.00
2020-06-10	19.91	20.67	19.75	20.58	2542200	72982456.00
2020-06-11	20.56	20.77	20.31	20.71	2351100	68242480.00
2020-06-12	20.33	20.78	20.02	20.39	1569118	45272476.00
2020-06-15	20.55	21.39	20.40	21.02	2630870	78041976.00
2020-06-16	20.93	22.39	20.71	21.79	3317011	100094624.00
2020-06-17	21.87	22.56	21.42	22.42	2825633	87561664.00
2020-06-18	22.20	22.20	21.49	21.55	1826100	55659724.00
2020-06-19	21.62	21.65	21.10	21.19	1670200	49579136.00
2020-06-22	21.41	21.43	20.62	20.64	1804729	52396348.00
2020-06-23	20.71	20.90	20.44	20.76	1593790	45986948.00
2020-06-24	20.77	20.89	20.40	20.63	1201900	34524400.00
2020-06-29	20.71	21.27	20.63	21.01	1876809	54694420.00
2020-06-30	20.83	21.08	20.83	21.00	1250142	36439932.00
2020-07-01	20.90	21.10	20.70	20.94	1190055	34518344.00
2020-07-02	21.02	21.06	20.69	20.77	1187111	34362652.00
2020-07-03	20.77	21.71	20.45	21.45	2204488	64662900.00
2020-07-06	21.39	22.12	21.38	21.92	2346990	70844064.00
2020-07-07	22.19	22.19	21.60	21.79	2093472	63481644.00
2020-07-08	21.61	21.90	21.52	21.80	1501900	45351292.00
2020-07-09	21.79	22.83	21.65	22.72	2220183	68484256.00
2020-07-10	22.60	23.83	22.46	23.45	2976574	95077408.00
2020-07-13	23.44	25.10	23.33	24.67	3089460	104621656.00
2020-07-14	24.67	25.35	23.82	24.97	2948723	99620840.00
2020-07-15	24.93	25.27	23.37	23.37	1962425	65133072.00
2020-07-16	23.44	25.71	23.44	24.03	3373286	114463512.00
2020-07-17	24.93	25.06	23.63	24.90	2140263	72639072.00
2020-07-20	25.20	26.13	24.90	25.23	2269813	79559304.00
2020-07-21	25.44	26.03	24.77	25.79	2018950	70511552.00
2020-07-22	25.60	26.04	25.06	25.60	1732200	60743892.00
2020-07-23	25.59	26.00	24.91	25.96	2796300	98249600.00
2020-07-24	25.71	26.20	23.85	23.93	2842881	96742016.00
2020-07-27	23.94	25.06	23.94	24.81	1747000	59093536.00
2020-07-28	25.06	25.81	24.45	25.12	1605811	55482624.00
2020-07-29	25.18	25.82	24.83	25.65	1278701	44707900.00
2020-07-30	25.76	28.37	25.76	28.37	3548601	132704088.00
2020-07-31	27.97	28.77	27.75	28.10	2226300	85770904.00
2020-08-03	28.30	28.30	27.79	28.10	1832900	70045432.00
2020-08-04	28.10	29.58	27.75	27.83	2113093	82597960.00
2020-08-05	27.77	28.96	27.41	28.90	1565481	60707448.00
2020-08-06	28.90	28.93	27.69	28.09	1264911	48716284.00
2020-08-07	28.14	29.13	27.37	27.90	1109115	42508596.00
2020-08-10	27.68	28.73	27.68	28.63	1076573	41572588.00
2020-08-11	28.37	30.43	28.26	28.63	2325811	92704376.00
2020-08-12	28.15	29.29	26.66	27.10	1723219	64690424.00
2020-08-13	27.52	28.75	27.10	27.19	1308863	49727888.00
2020-08-14	26.81	27.60	26.06	27.60	1418884	52418088.00
2020-08-17	27.39	28.33	27.39	28.31	903884	34572836.00
2020-08-18	28.31	29.02	27.93	28.61	964500	37705132.00
2020-08-19	28.61	28.81	27.90	27.93	789900	30572360.00
2020-08-20	27.89	28.10	27.15	27.22	635460	23987124.00
2020-08-21	27.14	28.52	27.13	27.52	1016575	38652508.00
2020-08-24	27.53	28.11	27.29	27.44	599780	22634044.00
2020-08-25	27.50	27.67	26.10	26.37	1587601	58143760.00
2020-08-26	26.67	27.60	25.13	25.44	1311200	46669608.00
2020-08-27	25.75	26.87	25.44	26.53	1100981	39832960.00
2020-08-28	26.53	27.26	26.00	26.96	1058600	38803632.00
2020-08-31	27.13	27.29	26.67	26.75	894900	33147240.00
2020-09-01	26.77	27.28	26.57	27.27	824711	30673694.00
2020-09-02	27.36	27.54	26.83	27.13	633100	23572292.00
2020-09-03	27.33	27.33	26.25	26.43	642211	23455732.00
2020-09-04	25.94	26.81	25.94	26.71	637691	23149764.00
2020-09-07	26.67	26.90	26.06	26.37	607850	22068598.00
2020-09-08	26.26	26.34	25.38	25.62	559200	19761942.00
2020-09-09	25.35	25.63	24.45	24.45	922900	31658020.00
2020-09-10	24.57	24.83	23.58	23.60	777000	25908382.00
2020-09-11	23.90	24.33	23.52	24.29	541900	17911324.00
2020-09-14	24.28	25.17	23.07	24.67	696900	23418440.00
2020-09-15	24.66	25.19	24.30	24.64	480700	16322812.00
2020-09-16	24.70	24.90	24.14	24.45	420000	14168842.00
2020-09-17	24.44	24.93	23.88	24.63	506217	17206002.00
2020-09-18	24.53	25.28	24.39	25.07	434100	14880845.00
2020-09-21	25.07	25.08	24.05	24.26	818600	27558036.00
2020-09-22	23.97	24.35	23.77	23.84	473800	15723988.00
2020-09-23	23.79	24.97	23.78	24.50	684800	23080854.00
2020-09-24	24.24	24.49	23.18	23.33	673060	21958344.00
2020-09-25	23.40	23.43	22.82	23.06	489500	15580393.00
2020-09-28	23.10	23.32	22.64	22.71	420200	13327325.00
2020-09-29	22.77	23.03	22.56	22.96	344895	10911213.00
2020-09-30	22.86	23.06	22.62	22.93	281103	8898897.00
2020-10-09	23.42	23.89	23.09	23.58	623490	20182396.00
2020-10-12	23.91	24.03	23.57	23.83	948900	31228916.00
2020-10-13	23.83	23.90	23.53	23.77	396900	12979901.00
2020-10-14	23.77	24.32	23.31	24.18	715711	23603646.00
2020-10-15	24.06	24.34	23.60	23.62	585600	19356132.00
2020-10-16	23.68	23.83	23.41	23.61	423311	13798946.00
2020-10-19	23.57	23.85	23.27	23.30	360000	11697202.00
2020-10-20	23.16	23.65	23.15	23.58	320700	10391157.00
2020-10-21	23.59	23.59	22.90	23.01	448700	14370101.00
2020-10-22	23.02	23.10	22.61	22.99	331000	10482004.00
2020-10-23	22.81	23.20	22.10	22.16	497900	15539972.00
2020-10-26	22.16	22.48	21.75	22.34	472500	14524015.00
2020-10-27	22.28	22.49	21.81	21.90	550100	16804280.00
2020-10-28	22.35	23.46	22.30	23.22	1744160	55314400.00
2020-10-29	23.13	23.64	23.02	23.40	956000	30900638.00
2020-10-30	23.50	23.50	22.85	23.17	619100	19786700.00
2020-11-02	22.87	23.37	22.87	23.29	455739	14609836.00
2020-11-03	23.15	23.46	22.66	23.30	916015	29284512.00
2020-11-04	23.13	23.41	22.77	22.87	846513	26891628.00
2020-11-05	23.01	24.50	22.97	24.27	1594337	52409784.00
2020-11-06	24.27	25.43	24.27	25.17	2132400	73522720.00
2020-11-09	25.43	25.66	24.58	25.25	1522421	52371236.00
2020-11-10	25.43	25.66	24.93	25.08	893500	31064036.00
2020-11-11	25.29	25.44	24.63	24.76	878200	30313116.00
2020-11-12	24.77	24.93	24.17	24.44	825600	27841424.00
2020-11-13	24.64	24.64	23.80	23.98	922433	30610832.00
2020-11-16	24.05	25.99	24.04	25.82	1895021	66168004.00
2020-11-17	25.68	25.90	25.21	25.51	1360800	47917068.00
2020-11-18	25.51	25.73	25.20	25.52	1138854	39838704.00
2020-11-19	25.44	25.71	25.19	25.63	980742	34392668.00
2020-11-20	25.48	26.33	25.30	26.12	1160542	41358872.00
2020-11-23	26.17	26.49	25.65	25.77	874500	31166874.00
2020-11-24	25.77	25.90	25.40	25.73	643800	22681884.00
2020-11-25	25.59	25.75	24.71	24.74	1078461	37177540.00
2020-11-26	25.07	25.08	24.52	24.68	556000	18916990.00
2020-11-27	24.55	24.80	24.34	24.76	462200	15671686.00
2020-11-30	24.79	25.07	24.29	24.38	633874	21493718.00
2020-12-01	24.18	24.58	24.16	24.52	412594	13892509.00
2020-12-02	24.45	24.73	24.33	24.47	444995	15028465.00
2020-12-03	24.47	24.52	24.09	24.29	448400	14995835.00
2020-12-04	24.33	24.75	24.16	24.57	458014	15480864.00
2020-12-07	24.65	24.70	24.33	24.44	372500	12574364.00
2020-12-08	24.45	24.45	23.45	23.53	1001603	32949250.00
2020-12-09	23.50	23.73	23.23	23.40	490200	15908209.00
2020-12-10	23.24	23.71	23.13	23.42	241695	7839062.50
2020-12-11	23.42	23.53	22.38	22.61	556100	17572010.00
2020-12-14	22.40	22.60	21.93	22.05	804500	24625820.00
2020-12-15	22.04	22.35	21.83	22.23	394400	12110980.00
2020-12-16	22.12	22.31	21.28	21.33	595021	17857708.00
2020-12-17	21.36	21.71	20.90	21.67	699319	20725852.00
2020-12-18	21.68	21.81	21.22	21.38	467280	13920784.00
2020-12-21	21.38	22.23	21.09	22.03	683880	20689446.00
2020-12-22	22.10	22.10	21.09	21.17	609800	18200718.00
2020-12-23	21.06	21.25	20.92	21.06	371400	10876590.00
2020-12-24	21.06	21.20	20.02	20.20	928921	26423332.00
2020-12-25	20.07	20.91	19.99	20.71	576100	16521997.00
2020-12-28	20.71	20.87	19.92	19.97	520600	14674524.00
2020-12-29	20.04	20.42	19.71	20.12	672800	18874776.00
2020-12-30	20.06	20.13	19.60	19.67	814395	22569960.00
2020-12-31	19.66	20.32	19.66	20.28	729139	20295364.00
2021-01-04	20.12	21.03	20.12	20.69	782544	22496116.00
2021-01-05	20.68	20.68	20.33	20.49	673000	19192364.00
2021-01-06	20.75	20.75	19.88	19.97	681152	19109872.00
2021-01-07	19.97	19.97	19.02	19.33	1006918	27127930.00
2021-01-08	19.31	19.55	18.64	19.16	838779	22428820.00
2021-01-11	19.16	19.33	18.18	18.54	1139901	29749890.00
2021-01-12	18.70	19.01	18.54	18.94	426700	11279538.00
2021-01-13	18.97	18.97	18.38	18.89	703405	18334468.00
2021-01-14	18.76	19.67	18.76	19.22	651328	17559520.00
2021-01-15	19.20	19.50	19.02	19.42	528980	14314700.00
2021-01-18	19.42	20.26	19.20	20.10	774680	21595756.00
2021-01-19	20.13	20.75	19.97	20.29	1107400	31496630.00
2021-01-20	20.27	20.29	19.92	19.98	474300	13293103.00
2021-01-21	20.19	20.27	19.85	20.03	584955	16377033.00
2021-01-22	20.20	20.20	19.57	19.83	558500	15394200.00
2021-01-25	19.87	19.87	19.02	19.12	663400	17858758.00
2021-01-26	19.15	19.50	18.84	19.05	361700	9691448.00
2021-01-27	18.94	19.27	18.90	19.07	415500	11084362.00
2021-01-28	18.87	19.23	18.64	18.77	479100	12688896.00
2021-01-29	18.77	18.90	18.37	18.63	533400	13903833.00
2021-02-01	18.79	19.17	18.60	19.11	676900	17963584.00
2021-02-02	19.10	19.43	18.99	19.20	504100	13530890.00
2021-02-03	19.13	19.26	18.67	18.75	517800	13706742.00
2021-02-04	18.67	18.78	17.70	17.75	946700	23945812.00
2021-02-05	17.75	17.89	17.12	17.13	731321	17957760.00
2021-02-08	17.13	17.75	17.07	17.40	476600	11678787.00
2021-02-09	17.40	17.73	17.37	17.57	334100	8266485.00
2021-02-10	17.64	18.07	17.49	17.98	474200	11906976.00
2021-02-18	18.07	18.75	18.00	18.50	647200	16775141.00
2021-02-19	18.52	19.50	18.51	19.46	1050253	28157722.00
2021-02-22	19.81	20.20	19.14	19.16	1334908	36701368.00
2021-02-23	19.00	19.62	18.88	19.34	638200	17187608.00
2021-02-24	19.35	19.72	19.18	19.47	607600	16487250.00
2021-02-25	19.47	19.55	19.00	19.10	537238	14403742.00
2021-02-26	19.04	19.23	18.56	19.06	468300	12501835.00
2021-03-01	18.77	19.59	18.77	19.48	571800	15527076.00
2021-03-02	19.50	19.87	19.37	19.72	856500	23494596.00
2021-03-03	19.72	19.90	19.50	19.77	540147	14843624.00
2021-03-04	19.73	20.06	19.49	20.03	994719	27717106.00
2021-03-05	19.98	20.43	19.83	19.88	862400	24128850.00
2021-03-08	19.94	20.10	19.53	19.53	688500	19052856.00
2021-03-09	19.53	19.67	18.60	18.65	751000	19967068.00
2021-03-10	18.71	19.07	18.16	18.24	501833	13023949.00
2021-03-11	18.24	18.58	18.18	18.52	376000	9717011.00
2021-03-12	18.52	18.83	18.27	18.57	397100	10320168.00
2021-03-15	18.59	18.82	18.33	18.46	391100	10198116.00
2021-03-16	18.37	18.75	18.27	18.75	318300	8296767.00
2021-03-17	18.84	19.21	18.72	19.18	454000	12095861.00
2021-03-18	19.11	19.31	19.07	19.13	392800	10554109.00
2021-03-19	18.92	19.32	18.84	19.14	411800	11026985.00
2021-03-22	19.16	19.60	19.12	19.57	512100	13912852.00
2021-03-23	19.71	20.02	19.27	19.33	501900	13709965.00
2021-03-24	19.17	19.54	18.99	19.36	459900	12371977.00
2021-03-25	19.30	19.42	19.03	19.14	332519	8928442.00
2021-03-26	19.20	19.57	19.19	19.40	634800	17290788.00
2021-03-29	19.30	19.54	19.14	19.21	428500	11562713.00
2021-03-30	19.33	19.33	18.67	19.03	462900	12288417.00
2021-03-31	18.99	19.88	18.98	19.87	1146200	31345756.00
2021-04-01	19.84	20.33	19.60	19.80	1119000	31258532.00
2021-04-02	19.75	20.11	19.47	20.10	738700	20411640.00
2021-04-06	20.13	20.20	19.87	20.15	537900	15046724.00
2021-04-07	19.96	20.37	19.96	20.18	444100	12445517.00
2021-04-08	20.17	20.17	19.76	19.85	422100	11746722.00
2021-04-09	19.90	19.96	19.69	19.89	299500	8282014.00
2021-04-12	19.81	19.95	19.33	19.42	357738	9771727.00
2021-04-13	19.33	19.42	18.97	19.17	336100	9001867.00
2021-04-14	19.40	19.59	19.00	19.48	273100	7407097.00
2021-04-15	19.50	19.73	19.36	19.67	278200	7610631.00
2021-04-16	19.66	19.93	19.66	19.72	327600	9060469.00
2021-04-19	19.90	20.19	19.70	20.19	519212	14482724.00
2021-04-20	20.29	20.29	19.85	20.07	433300	12110130.00
2021-04-21	19.77	20.20	19.77	20.05	348600	9728055.00
2021-04-22	20.05	20.17	19.90	20.01	292700	8169502.00
2021-04-23	19.79	20.36	19.79	20.06	520400	14602082.00
2021-04-26	20.13	20.35	19.64	19.65	848900	23772724.00
2021-04-27	18.93	18.93	17.53	17.53	1882100	47158080.00
2021-04-28	17.48	17.48	16.72	17.12	1116500	26944840.00
2021-04-29	17.13	17.40	17.03	17.17	468400	11371735.00
2021-04-30	17.24	17.25	16.77	16.97	431900	10367220.00
2021-05-06	16.98	17.20	16.61	16.63	699300	16659854.00
2021-05-07	16.83	16.83	16.34	16.57	562100	13142551.00
2021-05-10	16.63	16.63	16.06	16.20	553400	12786860.00
2021-05-11	16.10	16.36	16.06	16.33	250812	5767138.50
2021-05-12	16.38	16.50	16.17	16.45	274500	6364775.00
2021-05-13	16.35	16.70	16.35	16.56	273300	6403971.00
2021-05-14	16.70	16.71	16.46	16.61	434396	10191747.00
2021-05-17	16.61	16.61	16.47	16.54	263112	6156988.50
2021-05-18	16.53	16.77	16.14	16.54	540963	12545118.00
2021-05-19	16.54	16.71	16.27	16.30	308191	7143979.50
2021-05-20	16.23	16.30	16.08	16.13	415575	9533651.00
2021-05-21	16.13	16.21	16.07	16.17	238811	5472654.50
2021-05-24	16.10	16.43	16.07	16.40	378200	8716974.00
2021-05-25	16.42	16.43	16.23	16.31	566300	13095025.00
2021-05-26	16.35	16.53	16.26	16.42	390400	9071090.00
2021-05-27	16.44	16.60	16.42	16.56	493852	11565906.00
2021-05-28	16.56	16.56	16.30	16.37	322200	7500589.00
2021-05-31	16.40	16.40	16.23	16.33	379532	8766168.00
2021-06-01	16.30	16.33	16.10	16.30	807200	18546784.00
2021-06-02	16.30	16.71	16.15	16.65	987827	23085196.00
2021-06-03	17.60	17.66	16.53	16.67	1278055	30606834.00
2021-06-04	16.52	16.67	16.50	16.56	489500	11472505.00
2021-06-07	16.57	16.97	16.42	16.75	743616	17655312.00
2021-06-08	16.90	16.94	16.62	16.77	470600	11164653.00
2021-06-09	16.78	17.06	16.63	16.87	608219	14454600.00
2021-06-10	16.77	16.93	16.53	16.70	603700	14261847.00
2021-06-11	16.67	16.79	16.36	16.41	586411	13756228.00
2021-06-15	16.47	16.48	16.00	16.02	657600	15078288.00
2021-06-16	16.08	16.12	15.87	15.96	382000	8657151.00
2021-06-17	15.95	16.04	15.47	15.66	685947	15307246.00
2021-06-18	15.66	15.72	15.41	15.60	477413	10552348.00
2021-06-21	15.64	15.83	15.54	15.83	374000	8368888.00
2021-06-22	15.83	16.03	15.82	15.98	485247	10991029.00
2021-06-23	15.97	16.00	15.74	16.00	453000	10212414.00
2021-06-24	16.01	16.01	15.83	15.90	341200	7704054.00
2021-06-25	15.90	16.04	15.87	15.97	423000	9608727.00
2021-06-28	15.97	16.10	15.91	16.06	660512	15005569.00
2021-06-29	15.98	16.48	15.98	16.10	763819	17551064.00
2021-06-30	15.98	16.33	15.98	16.23	499200	11474163.00
2021-07-01	16.14	16.43	16.10	16.16	781600	18086748.00
2021-07-02	16.12	16.34	15.93	16.04	606800	13837525.00
2021-07-05	16.02	16.33	16.02	16.25	551400	12701815.00
2021-07-06	16.26	16.59	16.15	16.47	1232900	28527136.00
2021-07-07	16.46	16.57	16.21	16.38	760413	17629224.00
2021-07-08	16.34	16.63	16.23	16.40	1162600	27047170.00
2021-07-09	16.33	16.58	16.15	16.51	994700	23096492.00
2021-07-12	16.67	16.80	16.30	16.50	1714300	40056456.00
2021-07-13	16.46	16.46	16.09	16.37	1007455	23259910.00
2021-07-14	16.93	16.93	16.07	16.19	1690750	29762428.00
2021-07-15	16.14	16.14	14.93	15.52	2400290	39786208.00
2021-07-16	15.51	15.52	15.01	15.22	1485011	24443822.00
2021-07-19	15.20	15.29	14.80	14.93	1187390	19202892.00
2021-07-20	14.93	14.93	14.57	14.62	1185770	18868074.00
2021-07-21	14.65	14.87	14.21	14.40	1825955	28717706.00
2021-07-22	14.25	14.53	14.17	14.47	824460	12874150.00
2021-07-23	14.50	14.50	14.18	14.45	877894	13619000.00
2021-07-26	14.25	14.42	13.99	14.20	826650	12766930.00
2021-07-27	14.23	14.23	13.83	13.95	689370	10502596.00
2021-07-28	13.90	13.95	13.05	13.59	1057926	15548440.00
2021-07-29	13.60	13.94	13.59	13.85	887488	13350301.00
2021-07-30	13.95	14.25	13.66	14.22	1187060	18123724.00
2021-08-02	14.19	14.61	14.11	14.57	1196011	18775940.00
2021-08-03	14.64	15.35	14.44	15.35	1739679	27971680.00
2021-08-04	15.34	15.58	14.90	15.55	1414672	23312436.00
2021-08-05	15.51	15.51	15.23	15.39	819590	13576572.00
2021-08-06	16.38	16.38	14.45	14.76	4555720	75444040.00
2021-08-09	13.81	14.11	13.66	14.03	2492372	37640408.00
2021-08-10	13.93	14.25	13.86	14.11	1047260	16067122.00
2021-08-11	14.11	14.26	13.93	14.17	963360	14812045.00
2021-08-12	14.17	14.17	13.80	13.85	1177059	17888208.00
2021-08-13	13.86	14.01	13.81	13.95	608235	9227811.00
2021-08-16	14.04	14.18	13.93	14.05	842070	12893586.00
2021-08-17	14.04	14.10	13.61	13.67	1159124	17440594.00
2021-08-18	13.67	13.81	13.57	13.75	773840	11563317.00
2021-08-19	13.75	13.85	13.48	13.75	749870	11203082.00
2021-08-20	13.65	13.69	13.40	13.47	718500	10592623.00
2021-08-23	13.48	13.89	13.48	13.79	804320	12076113.00
2021-08-24	13.78	13.87	13.55	13.64	918310	13715560.00
2021-08-25	13.74	14.15	13.73	14.10	1601610	24443488.00
2021-08-26	14.09	14.11	13.83	13.86	922301	13995088.00
2021-08-27	13.95	13.95	13.57	13.78	856545	12807720.00
2021-08-30	13.78	14.07	13.65	13.83	1012630	15353578.00
2021-08-31	13.70	14.10	13.58	14.10	1291090	19550682.00
2021-09-01	14.10	14.69	13.90	14.25	1949518	30160424.00
2021-09-02	14.23	14.45	14.00	14.29	1371113	21243612.00
2021-09-03	14.32	14.42	14.11	14.30	1412345	21866430.00
2021-09-06	14.30	14.43	14.19	14.29	1091840	16942142.00
2021-09-07	14.33	14.67	14.27	14.62	2004674	31496266.00
2021-09-08	14.62	14.90	14.49	14.76	1663510	26525036.00
2021-09-09	14.71	15.09	14.65	15.01	1763294	28568294.00
2021-09-10	15.11	15.11	14.55	14.62	1841224	29507130.00
2021-09-13	14.62	16.21	14.47	16.21	6937459	118834136.00
2021-09-14	16.18	17.96	16.18	17.53	11736604	215513488.00
2021-09-15	16.61	17.30	16.50	17.18	6176591	112237760.00
2021-09-16	17.05	18.75	16.86	18.52	7837140	152056464.00
2021-09-17	18.41	19.03	17.43	18.12	5522331	107006264.00
2021-09-22	17.83	18.34	16.96	17.73	4471415	83663080.00
2021-09-23	17.75	17.84	16.65	16.70	4511691	82476096.00
2021-09-24	16.71	16.81	16.03	16.14	3354889	58852724.00
2021-09-27	16.35	16.49	15.73	16.45	2779821	48204008.00
2021-09-28	16.54	16.71	15.91	16.03	2196880	38341752.00
2021-09-29	15.70	15.93	15.13	15.15	1985000	33142388.00
2021-09-30	15.20	15.65	15.20	15.60	1459311	24387476.00
2021-10-08	15.65	16.03	15.61	15.93	1284430	21957048.00
2021-10-11	15.94	16.13	15.75	15.88	1152890	19776222.00
2021-10-12	15.80	15.91	15.25	15.44	1318611	22071258.00
2021-10-13	15.54	15.54	15.09	15.28	857100	14124545.00
2021-10-14	15.17	15.59	15.10	15.53	722270	12013247.00
2021-10-15	15.52	15.53	15.06	15.25	785500	12954278.00
2021-10-18	15.25	15.70	15.07	15.58	865610	14412624.00
2021-10-19	15.58	15.63	15.29	15.38	727300	12096090.00
2021-10-20	15.23	15.79	15.17	15.26	951100	15747561.00
2021-10-21	15.26	15.67	15.11	15.57	1205100	20106166.00
2021-10-22	15.55	15.55	14.74	14.74	1838090	30124896.00
2021-10-25	14.69	14.71	14.15	14.62	1144250	17994244.00
2021-10-26	14.64	14.75	13.71	13.74	2211523	33733436.00
2021-10-27	13.77	13.81	13.25	13.45	1479020	21708002.00
2021-10-28	13.46	13.57	13.25	13.25	841070	12320400.00
2021-10-29	13.35	14.15	13.30	14.05	1803700	27215340.00
2021-11-01	14.11	14.19	13.89	14.04	1168380	17854524.00
2021-11-02	14.01	14.13	13.48	13.70	1278970	19193172.00
2021-11-03	13.70	14.02	13.63	13.89	539290	8146349.50
2021-11-04	13.84	14.24	13.81	14.07	1439938	22007990.00
2021-11-05	14.05	14.20	13.90	13.93	775310	11856602.00
2021-11-08	13.93	14.06	13.80	14.00	495220	7532727.50
2021-11-09	14.03	14.22	13.94	14.11	626640	9606852.00
2021-11-10	14.11	14.57	13.84	14.43	1160300	17885218.00
2021-11-11	14.40	14.48	14.29	14.44	581060	9093640.00
2021-11-12	14.44	14.52	14.31	14.50	489370	7667985.00
2021-11-15	14.45	14.96	14.42	14.86	968520	15529569.00
2021-11-16	14.95	14.99	14.69	14.88	830270	13357640.00
2021-11-17	14.88	15.03	14.78	14.97	607025	9837242.00
2021-11-18	14.97	15.13	14.75	14.96	793180	12834727.00
2021-11-19	14.85	15.00	14.53	14.77	966004	15438819.00
2021-11-22	14.76	15.12	14.60	15.05	892740	14507938.00
2021-11-23	15.03	15.13	14.81	15.01	936910	15205739.00
2021-11-24	15.31	15.31	14.94	15.01	568300	9276986.00
2021-11-25	15.04	15.12	14.81	14.81	723710	11686492.00
2021-11-26	14.91	15.03	14.75	14.84	536510	8675988.00
2021-11-29	14.64	15.59	14.40	15.11	2185802	35623348.00
2021-11-30	14.94	15.39	14.78	15.23	1507849	24727722.00
2021-12-01	15.16	15.43	14.95	15.42	1386090	22905540.00
2021-12-02	15.44	15.60	15.25	15.38	982344	16348100.00
2021-12-03	15.55	15.68	15.18	15.53	1673905	28062320.00
2021-12-06	15.65	15.65	15.23	15.24	1011020	16805552.00
2021-12-07	15.35	15.35	14.90	15.07	886090	14481140.00
2021-12-08	15.20	15.32	14.75	15.23	747150	12267503.00
2021-12-09	15.33	15.55	15.10	15.42	1020285	16924070.00
2021-12-10	15.50	15.51	15.23	15.39	502670	8375691.00
2021-12-13	15.50	15.63	15.37	15.45	637460	10664364.00
2021-12-14	15.53	15.53	15.21	15.33	681570	11311007.00
2021-12-15	15.35	15.35	15.16	15.24	370800	6121854.00
2021-12-16	15.24	15.32	15.15	15.25	731010	12044172.00
2021-12-17	15.34	15.34	15.00	15.16	598480	9805102.00
2021-12-20	15.15	15.19	14.80	14.83	603206	9788824.00
2021-12-21	15.03	15.03	14.80	14.95	495080	8007828.50
2021-12-22	14.95	15.21	14.88	15.21	630240	10296378.00
2021-12-23	15.24	16.70	15.24	16.45	5203026	90944176.00
2021-12-24	16.60	17.40	16.47	17.05	6090353	110651360.00
2021-12-27	17.04	17.04	16.46	16.64	2910486	52232864.00
2021-12-28	16.63	17.00	16.46	16.55	1677790	30080748.00
2021-12-29	16.49	16.74	16.25	16.48	1382770	24555572.00
2021-12-30	16.33	16.49	16.19	16.29	1220550	21445034.00
2021-12-31	16.45	17.13	16.18	16.77	2167163	38946140.00
2022-01-04	16.75	17.07	16.63	17.07	1936320	35093420.00
2022-01-05	17.07	17.33	16.55	17.14	1616700	29315604.00
2022-01-06	17.14	17.14	16.83	17.04	1076704	19579494.00
2022-01-07	16.92	16.94	16.47	16.56	1121980	20057146.00
2022-01-10	16.56	16.81	16.25	16.69	780920	13939146.00
2022-01-11	16.69	17.95	16.60	17.58	3078574	57550020.00
2022-01-12	17.95	17.95	17.41	17.83	1685070	31925446.00
2022-01-13	17.89	17.96	17.38	17.41	1428738	26942318.00
2022-01-14	17.41	17.79	17.39	17.50	1148894	21664760.00
2022-01-17	17.49	17.91	17.32	17.82	1272664	24081062.00
2022-01-18	17.64	17.93	17.31	17.57	944030	17704390.00
2022-01-19	17.58	17.79	17.42	17.67	579896	10931678.00
2022-01-20	17.74	17.74	17.15	17.27	922371	17104432.00
2022-01-21	17.26	17.37	16.86	16.88	811100	14833123.00
2022-01-24	16.88	17.43	16.75	17.22	698350	12829977.00
2022-01-25	17.20	17.27	16.14	16.20	903850	16134927.00
2022-01-26	16.08	16.70	16.08	16.64	504630	8977234.00
2022-01-27	16.66	16.89	16.01	16.12	595840	10470970.00
2022-01-28	16.12	16.53	16.02	16.45	273720	4818046.00
2022-02-07	16.48	16.74	16.31	16.43	453108	8048360.50
2022-02-08	16.32	17.05	16.24	17.04	716160	12925014.00
2022-02-09	16.91	17.89	16.91	17.53	1043730	19597364.00
2022-02-10	17.53	17.59	17.15	17.43	583820	10885732.00
2022-02-11	17.47	17.47	16.83	16.95	626630	11473235.00
2022-02-14	16.95	17.32	16.78	16.96	542160	9928169.00
2022-02-15	17.13	17.14	16.53	16.72	557290	10026639.00
2022-02-16	16.75	17.18	16.62	17.01	580220	10525937.00
2022-02-17	17.00	17.64	16.87	17.58	1398480	26104424.00
2022-02-18	17.45	17.74	17.28	17.69	1071890	20134006.00
2022-02-21	17.73	17.82	17.37	17.43	846720	15856873.00
2022-02-22	17.43	17.43	16.85	17.00	935820	17104460.00
2022-02-23	17.11	18.83	17.11	18.83	1556110	30890876.00
2022-02-24	20.84	20.84	19.00	19.25	10027244	212649984.00
2022-02-25	18.47	20.75	18.47	19.69	6898242	143666096.00
2022-02-28	18.97	19.65	18.23	19.44	4919684	99250184.00
2022-03-01	19.25	19.41	18.57	19.14	3368890	68111304.00
2022-03-02	18.95	19.25	18.63	19.16	2220140	44969840.00
2022-03-03	19.50	19.50	18.26	18.46	3755978	74457888.00
2022-03-04	18.08	18.38	17.45	17.53	2799790	53560816.00
2022-03-07	17.51	18.32	17.46	17.90	2600486	50069144.00
2022-03-08	17.91	18.12	16.68	16.68	2171927	39974688.00
2022-03-09	16.66	16.99	15.28	16.08	1781440	30954758.00
2022-03-10	16.29	17.16	16.26	17.13	1978360	35810676.00
2022-03-11	16.98	17.34	16.53	17.28	1353130	24756676.00
2022-03-14	17.20	17.41	16.65	16.75	1064660	19314968.00
2022-03-15	16.75	16.75	15.60	15.60	1422876	24845912.00
2022-03-16	16.12	16.14	15.31	15.91	1165430	19823084.00
2022-03-17	16.15	16.34	15.48	15.56	1610894	27615128.00
2022-03-18	15.68	16.02	15.55	15.94	1217524	20755110.00
2022-03-21	15.88	16.39	15.75	16.28	1163280	20260712.00
2022-03-22	16.16	16.26	15.77	15.77	1305620	22418512.00
2022-03-23	15.85	16.03	15.73	15.86	769614	13160347.00
2022-03-24	15.87	15.92	15.62	15.73	723060	12275876.00
2022-03-25	15.69	16.11	15.69	15.86	1071360	18408152.00
2022-03-28	15.90	15.93	15.44	15.56	888484	14960873.00
2022-03-29	15.56	16.87	15.46	16.49	3187550	55633128.00
2022-03-30	16.25	16.28	15.75	16.15	1950348	33539974.00
2022-03-31	16.05	16.29	15.83	16.13	1262421	21795012.00
2022-04-01	16.07	16.57	15.87	16.08	1327847	23186610.00
2022-04-06	16.01	16.35	15.77	16.28	1263480	22028084.00
2022-04-07	16.31	16.31	15.84	15.93	874660	15088126.00
2022-04-08	15.91	16.95	15.56	16.39	2071531	36207176.00
2022-04-11	16.21	16.91	16.21	16.91	2423674	43441612.00
2022-04-12	16.92	16.99	16.26	16.64	1699084	30189782.00
2022-04-13	16.56	17.95	16.36	17.25	3152271	58497368.00
2022-04-14	16.91	17.13	16.46	17.13	2418980	43510840.00
2022-04-15	16.90	16.90	16.25	16.33	1854420	32888616.00
2022-04-18	16.21	16.21	15.71	15.95	1360070	23392836.00
2022-04-19	15.95	16.90	15.77	16.70	2162635	38570040.00
2022-04-20	16.55	17.23	16.45	16.78	2247891	40760296.00
2022-04-21	16.63	17.45	15.75	15.80	2364198	42334052.00
2022-04-22	15.26	15.58	14.21	14.64	2451228	39174824.00
2022-04-25	14.17	14.64	13.47	13.49	1489800	22785782.00
2022-04-26	13.49	13.75	12.55	12.63	1300320	18778750.00
2022-04-27	12.68	14.02	12.55	13.87	1664870	24573058.00
2022-04-28	13.62	15.05	13.44	14.13	1714440	26589852.00
2022-04-29	14.13	14.65	14.02	14.31	1108374	17330010.00
2022-05-05	14.30	14.75	14.09	14.60	1014340	16083442.00
2022-05-06	14.24	14.75	14.08	14.57	717184	11310030.00
2022-05-09	14.57	15.30	14.57	15.15	924950	15164436.00
2022-05-10	15.11	15.34	14.85	15.26	943610	15502310.00
2022-05-11	15.26	15.27	14.55	14.69	1487210	24025814.00
2022-05-12	14.63	14.82	14.45	14.65	722290	11469954.00
2022-05-13	14.75	14.95	14.47	14.58	716540	11373462.00
2022-05-16	14.89	15.43	14.60	15.25	1616030	26491376.00
2022-05-17	15.25	15.45	14.78	15.02	991900	16078055.00
2022-05-18	14.93	15.15	14.77	14.97	729940	11842375.00
2022-05-19	14.77	15.10	14.66	14.93	620926	10023766.00
2022-05-20	15.04	15.20	14.89	15.16	840650	13707395.00
2022-05-23	15.17	15.72	15.17	15.64	1175880	19647966.00
2022-05-24	15.53	15.80	14.86	14.95	879750	14553255.00
2022-05-25	14.94	15.13	14.74	14.94	725260	11697539.00
2022-05-26	15.17	15.17	14.56	14.91	686540	11041787.00
2022-05-27	14.92	15.06	14.73	14.92	679330	10991356.00
2022-05-30	15.02	15.82	14.80	15.70	1452730	24200376.00
2022-05-31	15.69	16.37	15.53	15.92	2271490	39110812.00
2022-06-01	15.75	16.14	15.56	15.65	1328810	22654704.00
2022-06-02	15.66	16.09	15.60	16.05	1162250	19956402.00
2022-06-06	16.12	16.12	15.81	15.99	952370	16387083.00
2022-06-07	15.98	16.11	15.76	15.95	855690	14672138.00
2022-06-08	15.86	15.96	15.46	15.94	759310	12914279.00
2022-06-09	15.94	16.40	15.84	15.88	1453830	25320224.00
2022-06-10	15.76	16.40	15.67	16.37	1364220	23821976.00
2022-06-13	16.36	16.62	16.12	16.40	1092342	19184188.00
2022-06-14	16.15	16.78	16.12	16.60	1283050	22735694.00
2022-06-15	16.70	16.70	16.30	16.33	1127320	19950764.00
2022-06-16	16.28	16.56	16.20	16.31	767404	13491001.00
2022-06-17	16.52	16.59	16.14	16.33	973450	17083480.00
2022-06-20	16.34	16.70	16.27	16.37	508240	8977359.00
2022-06-21	16.27	16.34	15.89	16.03	813890	14089159.00
2022-06-22	16.14	16.15	15.75	15.79	736710	12621192.00
2022-06-23	15.79	16.00	15.57	15.99	810050	13832117.00
2022-06-24	15.99	16.05	15.69	15.96	767270	12777400.00
2022-06-27	16.11	16.16	15.92	16.09	736060	12380693.00
2022-06-28	16.13	16.42	16.02	16.39	842810	14374372.00
2022-06-29	16.37	16.49	16.13	16.13	631110	10723540.00
2022-06-30	16.10	16.29	15.95	16.02	853390	14385800.00
2022-07-01	16.02	16.18	15.83	16.11	763424	12827935.00
2022-07-04	16.31	16.31	16.10	16.18	543490	9215402.00
2022-07-05	16.18	16.40	16.07	16.30	1016960	17275926.00
2022-07-06	16.34	16.34	15.71	15.87	964180	16100278.00
2022-07-07	15.78	16.07	15.72	16.01	592660	9873946.00
2022-07-08	16.01	16.14	15.85	15.88	576470	9639487.00
2022-07-11	16.01	16.01	15.32	15.52	761110	12394315.00
2022-07-12	15.52	15.93	15.40	15.56	940230	15403366.00
2022-07-13	15.55	16.23	15.43	15.95	1383815	22916838.00
2022-07-14	15.95	16.34	15.90	16.19	1251710	21167334.00
2022-07-15	16.05	16.35	15.92	16.16	909760	15352863.00
2022-07-18	16.21	16.71	16.21	16.58	1064660	18427682.00
2022-07-19	16.55	16.89	16.38	16.80	750670	13157454.00
2022-07-20	16.80	17.36	16.65	17.28	1647385	29427472.00
2022-07-21	17.44	17.44	16.79	16.82	1021150	18113562.00
2022-07-22	16.82	17.05	16.41	16.68	1083370	18836966.00
2022-07-25	16.81	16.97	16.50	16.52	503630	8787459.00
2022-07-26	16.53	16.84	16.33	16.77	528370	9176604.00
2022-07-27	16.79	16.97	16.68	16.92	412853	7269756.00
2022-07-28	16.98	17.23	16.82	17.04	652940	11622317.00
2022-07-29	17.05	17.31	16.86	17.00	759460	13515782.00
2022-08-01	16.99	17.21	16.75	17.13	591460	10521711.00
2022-08-02	17.25	17.34	16.35	16.56	938760	16308416.00
2022-08-03	16.50	16.92	16.25	16.25	769680	13321247.00
2022-08-04	16.55	16.73	16.32	16.63	582890	10071012.00
2022-08-05	16.67	16.70	16.38	16.69	617470	10679032.00
2022-08-08	16.71	16.93	16.46	16.86	580100	10185603.00
2022-08-09	16.94	17.11	16.75	16.83	490800	8645423.00
2022-08-10	16.88	16.93	16.68	16.79	500950	8818018.00
2022-08-11	16.89	17.55	16.89	17.43	1422900	25747076.00
2022-08-12	17.50	17.58	17.27	17.29	743570	13500968.00
2022-08-15	17.35	17.43	17.11	17.37	474830	8547977.00
2022-08-16	17.45	18.13	17.35	17.74	965900	17768510.00
2022-08-17	17.72	17.80	17.37	17.60	706380	12933180.00
2022-08-18	17.63	17.65	17.35	17.56	558090	10172178.00
2022-08-19	17.75	18.23	17.65	17.70	1361130	25414784.00
2022-08-22	17.79	19.55	17.45	17.98	2340940	44019460.00
2022-08-23	17.93	18.05	17.54	17.90	1612480	29922458.00
2022-08-24	17.73	17.98	17.05	17.12	1928130	34955216.00
2022-08-25	17.18	17.48	16.75	17.27	1263000	22565944.00
2022-08-26	17.28	17.76	17.05	17.53	984233	18037106.00
2022-08-29	17.41	17.80	17.25	17.75	909100	16738782.00
2022-08-30	17.81	17.95	17.34	17.55	717790	13166789.00
2022-08-31	17.57	17.61	16.92	17.05	838910	15046073.00
2022-09-01	17.13	17.45	16.93	17.18	786970	14135641.00
2022-09-02	17.15	17.39	16.95	17.06	561750	10038948.00
2022-09-05	16.97	17.83	16.97	17.48	728300	13199836.00
2022-09-06	17.54	17.93	17.30	17.68	1057590	19480196.00
2022-09-07	17.70	18.24	17.65	17.81	1145360	21444598.00
2022-09-08	17.92	18.04	17.73	17.75	825810	15394480.00
2022-09-09	17.77	17.88	17.31	17.39	606690	11034998.00
2022-09-13	17.39	17.74	17.39	17.50	581560	10621579.00
2022-09-14	17.20	17.41	17.06	17.24	540070	9709958.00
2022-09-15	17.22	17.34	16.60	16.79	712994	12583374.00
2022-09-16	17.09	17.09	16.16	16.21	851600	14573170.00
2022-09-19	16.31	16.31	15.76	16.01	631900	10567293.00
2022-09-20	16.22	16.42	15.95	16.38	660550	11243976.00
2022-09-21	16.33	16.43	16.03	16.38	399890	6792971.50
2022-09-22	16.16	16.47	16.11	16.26	390070	6649658.00
2022-09-23	16.45	16.46	15.80	15.96	465720	7843256.00
2022-09-26	15.95	16.38	15.62	15.95	697030	11730064.00
2022-09-27	16.04	16.20	15.82	16.18	536943	9016889.00
2022-09-28	16.18	16.52	15.76	15.77	625770	10561218.00
2022-09-29	16.04	16.04	15.44	15.59	502060	8246168.50
2022-09-30	15.63	15.94	15.45	15.61	503280	8249293.50
2022-10-10	15.62	15.80	15.17	15.19	493110	7967106.50
2022-10-11	15.17	15.61	15.11	15.31	644500	10358117.00
2022-10-12	15.39	15.59	15.03	15.59	623360	10067765.00
2022-10-13	15.50	16.33	15.37	16.22	752520	12559396.00
2022-10-14	16.22	16.53	16.09	16.18	986080	16852492.00
2022-10-17	16.25	16.34	15.91	16.25	734940	12404300.00
2022-10-18	16.43	16.77	16.28	16.46	1115160	19313214.00
2022-10-19	16.66	16.66	16.25	16.33	575150	9856945.00
2022-10-20	16.33	16.57	16.05	16.37	495530	8446387.00
2022-10-21	16.48	16.53	16.21	16.36	516030	8815317.00
2022-10-24	16.36	16.73	16.12	16.17	945010	16230833.00
2022-10-25	16.02	16.15	15.45	15.49	1468660	24147842.00
2022-10-26	15.59	16.36	15.55	16.16	1041030	17498342.00
2022-10-27	16.31	16.62	16.05	16.14	684680	11656693.00
2022-10-28	16.11	16.30	15.39	15.41	942810	15577804.00
2022-10-31	15.24	16.04	15.24	15.73	1041220	17203710.00
2022-11-01	15.82	16.24	15.66	16.05	1039480	17384806.00
2022-11-02	16.23	16.75	15.90	16.74	1658460	28503506.00
2022-11-03	16.72	17.35	16.56	17.30	2496900	44575484.00
2022-11-04	17.16	17.38	16.65	17.24	2555630	45388952.00
2022-11-07	17.12	17.15	16.76	16.80	1950610	34518676.00
2022-11-08	16.91	16.97	16.55	16.84	1257730	22009632.00
2022-11-09	16.79	17.13	16.67	16.91	925270	16368306.00
2022-11-10	16.87	17.04	16.67	16.76	761663	13385517.00
2022-11-11	17.00	17.09	16.62	16.73	990430	17414184.00
2022-11-14	16.73	16.91	16.65	16.85	779600	13691839.00
2022-11-15	16.71	17.13	16.68	17.10	1030480	18242248.00
2022-11-16	17.09	17.10	16.82	16.90	547130	9683865.00
2022-11-17	16.94	16.98	16.67	16.88	536440	9410020.00
2022-11-18	16.90	17.23	16.70	16.88	1075600	19009460.00
2022-11-21	16.87	17.26	16.53	17.20	1196570	21177964.00
2022-11-22	17.16	17.34	16.85	16.90	945140	16831638.00
2022-11-23	17.05	17.28	16.72	16.89	955070	16893926.00
2022-11-24	16.95	17.22	16.85	17.20	1103620	19686036.00
2022-11-25	17.24	17.24	16.69	16.89	1477347	26042092.00
2022-11-28	16.71	16.89	16.43	16.50	1290650	22371896.00
2022-11-29	16.45	16.90	16.41	16.90	899810	15732767.00
2022-11-30	16.94	16.95	16.69	16.84	679704	11902739.00
2022-12-01	16.91	17.04	16.74	16.76	991520	17479146.00
2022-12-02	16.92	17.20	16.78	17.08	915790	16287031.00
2022-12-05	17.08	17.24	16.95	17.10	717060	12748699.00
2022-12-06	17.15	17.30	16.94	17.00	1377140	24618548.00
2022-12-07	17.00	17.29	16.88	17.26	1265760	22699780.00
2022-12-08	17.26	17.59	17.16	17.37	1684284	30516570.00
2022-12-09	17.43	17.48	17.18	17.22	869390	15684610.00
2022-12-12	17.25	17.32	17.05	17.24	740876	13314313.00
2022-12-13	17.27	17.35	16.84	16.98	1471630	26086096.00
2022-12-14	17.00	17.18	16.81	16.84	812420	14386666.00
2022-12-15	16.97	17.03	16.64	16.80	672900	11799833.00
2022-12-16	16.90	16.90	16.48	16.55	572400	9908311.00
2022-12-19	16.54	16.64	15.98	16.23	923553	15689863.00
2022-12-20	16.15	16.30	16.00	16.14	437503	7389198.50
2022-12-21	16.21	16.21	15.93	16.01	477213	7995097.00
2022-12-22	16.22	16.31	15.56	15.64	990720	16494237.00
2022-12-23	15.67	15.77	15.42	15.61	703990	11507124.00
2022-12-26	15.61	15.79	15.55	15.65	408200	6701680.50
2022-12-27	15.64	16.19	15.53	15.68	579650	9504155.00
2022-12-28	15.72	15.72	15.32	15.40	478120	7754777.50
2022-12-29	15.43	15.63	15.25	15.57	548394	8931216.00
2022-12-30	15.56	15.63	15.37	15.45	676043	10966729.00
2023-01-03	15.05	15.63	15.04	15.60	767980	12432381.00
2023-01-04	15.60	15.82	15.46	15.62	648174	10622591.00
2023-01-05	15.69	15.95	15.50	15.79	905413	14914043.00
2023-01-06	15.85	16.01	15.70	15.91	556830	9266094.00
2023-01-09	15.90	16.05	15.80	15.82	462930	7711999.50
2023-01-10	15.94	15.94	15.75	15.78	333940	5534955.50
2023-01-11	15.89	15.90	15.57	15.59	405233	6677393.50
2023-01-12	15.64	15.88	15.64	15.79	513940	8486430.00
2023-01-13	15.79	15.80	15.65	15.67	402159	6612020.00
2023-01-16	15.78	15.99	15.70	15.83	560716	9308427.00
2023-01-17	15.87	15.96	15.76	15.90	336950	5601901.00
2023-01-18	15.82	16.07	15.82	16.04	357250	5982199.00
2023-01-19	16.03	16.22	15.94	16.20	452616	7643579.00
2023-01-20	16.23	16.31	16.15	16.28	475406	8064371.00
2023-01-30	16.46	16.61	16.31	16.40	654190	11254723.00
2023-01-31	16.40	16.58	16.29	16.54	428620	7392405.00
2023-02-01	16.49	16.94	16.49	16.83	877900	15401126.00
2023-02-02	16.87	16.97	16.74	16.92	549630	9672464.00
2023-02-03	16.76	17.01	16.59	16.82	753616	13191733.00
2023-02-06	16.75	16.90	16.62	16.83	720656	12613283.00
2023-02-07	16.82	16.99	16.70	16.96	500330	8829043.00
2023-02-08	17.00	17.10	16.95	17.07	868156	15433727.00
2023-02-09	17.06	17.08	16.84	16.99	520356	9229261.00
2023-02-10	17.02	17.32	17.02	17.17	1052386	18883638.00
2023-02-13	17.38	18.52	17.37	18.37	4254565	80033528.00
2023-02-14	18.45	19.50	18.45	19.30	5479261	108474360.00
2023-02-15	19.17	19.91	18.95	19.86	2979792	60139664.00
2023-02-16	19.84	19.84	19.07	19.14	2442140	49210288.00
2023-02-17	19.31	19.99	19.12	19.20	2174710	44219812.00
2023-02-20	19.07	20.25	19.07	20.07	3034540	62060292.00
2023-02-21	20.06	20.39	19.87	20.28	1740350	36413004.00
2023-02-22	20.35	20.43	19.85	20.33	919600	19319126.00
2023-02-23	20.22	20.83	20.03	20.63	1310990	27919360.00
2023-02-24	20.79	21.53	20.35	21.25	1674556	36337932.00
2023-02-27	21.81	21.81	20.69	20.93	1268255	27650870.00
2023-02-28	20.51	21.23	20.51	21.16	1250570	27011014.00
2023-03-01	21.45	21.45	20.85	21.00	1127470	24534344.00
2023-03-02	21.02	21.11	20.57	21.02	748318	16199840.00
2023-03-03	21.03	21.03	20.55	20.65	781730	16761788.00
2023-03-06	20.71	22.08	20.55	21.81	2844960	62845680.00
2023-03-07	21.93	21.93	20.60	20.75	2272840	49543628.00
2023-03-08	20.93	20.95	20.39	20.49	641790	13680527.00
2023-03-09	20.57	20.67	20.26	20.42	499530	10587477.00
2023-03-10	20.20	20.41	19.83	19.98	606670	12630926.00
2023-03-13	19.87	20.44	19.79	20.38	1376890	28816212.00
2023-03-14	20.38	20.39	19.63	20.00	597720	12406425.00
2023-03-15	20.00	20.33	19.95	20.22	417430	8713633.00
2023-03-16	20.07	20.12	19.53	19.54	355990	7297457.50
2023-03-17	19.97	20.31	19.75	19.98	596710	12444806.00
2023-03-20	19.98	20.23	19.86	19.87	576995	11994595.00
2023-03-21	19.87	20.02	19.68	19.85	379155	7801886.00
2023-03-22	19.80	19.80	19.49	19.73	510950	10411220.00
2023-03-23	19.78	19.90	19.30	19.30	563510	11367730.00
2023-03-24	19.50	19.55	19.24	19.31	477894	9624070.00
2023-03-27	19.51	19.51	18.97	19.14	525690	10456863.00
2023-03-28	19.10	19.42	18.90	18.96	399190	7908165.00
2023-03-29	18.85	19.05	18.73	18.79	504670	9893529.00
2023-03-30	18.99	18.99	18.28	18.45	740350	14230775.00
2023-03-31	18.64	18.75	18.12	18.69	554660	10752050.00
2023-04-03	19.11	19.11	18.42	18.69	536200	10379328.00
2023-04-04	18.81	18.81	18.51	18.69	368900	7160502.00
2023-04-06	18.67	18.69	18.27	18.66	317910	6102353.50
2023-04-07	18.61	19.41	18.47	19.25	948430	18844502.00
2023-04-10	19.06	19.25	18.50	18.54	873160	17052242.00
2023-04-11	18.68	18.74	18.11	18.48	724830	13803520.00
2023-04-12	18.80	18.80	18.21	18.61	396000	7580267.00
2023-04-13	18.75	18.75	18.28	18.48	399380	7651830.00
2023-04-14	18.47	18.75	18.25	18.66	366920	7067982.00
2023-04-17	18.73	19.10	18.65	18.73	395060	7731567.00
2023-04-18	18.74	19.19	18.67	19.03	468240	9229328.00
2023-04-19	19.11	19.11	18.54	18.67	293260	5735276.00
2023-04-20	18.77	18.85	18.35	18.42	293410	5655610.50
2023-04-21	18.42	18.59	17.95	18.00	325510	6177831.50
2023-04-24	18.00	18.39	17.76	17.95	537020	10013463.00
2023-04-25	18.41	18.41	17.02	17.29	592520	10806237.00
2023-04-26	17.30	17.89	17.04	17.62	363770	6651696.00
2023-04-27	17.63	18.35	17.47	18.14	672600	12615967.00
2023-04-28	17.96	18.53	17.73	18.41	449220	8570256.00
2023-05-04	18.28	18.38	17.81	17.95	517800	9735829.00
2023-05-05	18.18	18.18	17.25	17.32	533030	9690920.00
2023-05-08	17.45	18.12	17.45	17.57	778450	14392126.00
2023-05-09	17.57	17.61	17.05	17.06	449460	8116320.50
2023-05-10	17.11	17.41	17.00	17.20	309724	5547881.50
2023-05-11	17.05	17.50	17.05	17.25	220940	3971791.00
2023-05-12	18.25	18.25	16.73	17.03	1037060	18536432.00
2023-05-15	16.66	17.48	16.66	17.47	814400	14586444.00
2023-05-16	17.47	17.52	17.17	17.29	427060	7711213.00
2023-05-17	17.15	17.53	17.15	17.39	261734	4742963.50
2023-05-18	17.36	17.70	17.34	17.49	343907	6272310.00
2023-05-19	17.48	18.25	17.46	17.93	553705	10249085.00
2023-05-22	17.90	18.18	17.68	18.16	669990	12550632.00
2023-05-23	17.97	18.34	17.87	18.22	394650	7481423.00
2023-05-24	18.42	18.42	17.80	17.80	377940	7075508.50
2023-05-25	17.91	18.12	17.67	17.95	364169	6763292.50
2023-05-26	17.79	18.07	17.51	18.05	405460	7527399.00
2023-05-29	18.09	18.28	17.94	18.26	386790	7294795.50
2023-05-30	18.32	18.32	17.62	17.78	569630	10602600.00
2023-05-31	17.78	17.87	17.34	17.61	366400	6740638.50
2023-06-01	17.62	17.93	17.51	17.70	280811	5196292.50
2023-06-02	17.98	18.03	17.57	17.99	216180	4026376.75
2023-06-05	18.01	18.19	17.84	18.14	293100	5509908.00
2023-06-06	18.80	18.80	17.36	17.44	595231	11042042.00
2023-06-07	17.53	17.54	17.21	17.33	288440	5204354.50
2023-06-08	17.16	17.39	17.10	17.19	204300	3672323.25
2023-06-09	17.19	17.32	17.00	17.03	228480	4075339.75
2023-06-12	17.01	17.72	16.92	17.65	439812	7998766.00
2023-06-13	17.65	17.67	17.15	17.31	246230	4470535.00
2023-06-14	17.31	17.31	16.98	17.13	246600	4405210.00
2023-06-15	17.10	17.33	17.00	17.31	377120	6757125.00
2023-06-16	17.47	17.48	17.21	17.26	238830	4257422.50
2023-06-19	17.26	17.44	17.21	17.26	202350	3602341.25
2023-06-20	17.25	17.35	17.02	17.35	305660	5415467.50
2023-06-21	17.74	17.74	16.70	16.75	826860	14461194.00
2023-06-26	16.72	16.88	16.38	16.50	419370	7172302.50
2023-06-27	16.50	17.16	16.49	17.10	347720	6058097.50
2023-06-28	17.04	17.32	16.86	17.27	226200	3991188.00
2023-06-29	17.29	17.38	17.08	17.27	200260	3563149.50
2023-06-30	17.42	17.70	17.18	17.65	356310	6433838.50
2023-07-03	17.78	17.87	17.61	17.86	302190	5523603.00
2023-07-04	17.86	17.97	17.69	17.87	365390	6711160.50
2023-07-05	17.91	18.41	17.90	18.14	722210	13488063.00
2023-07-06	18.12	18.25	17.82	17.92	436010	8047662.50
2023-07-07	17.99	18.04	17.70	17.89	377310	6918238.00
2023-07-10	17.89	18.36	17.86	18.12	353290	6559558.00
2023-07-11	18.29	18.40	18.02	18.39	279040	5228120.00
2023-07-12	18.80	18.80	18.04	18.14	434580	8181819.50
2023-07-13	18.16	18.40	18.08	18.14	349360	6526098.00
2023-07-14	18.15	18.30	17.85	18.25	370600	6913675.00
2023-07-17	18.25	18.40	18.04	18.39	294070	5514675.00
2023-07-18	18.39	18.49	18.12	18.42	267110	5024349.00
2023-07-19	18.49	18.63	18.21	18.55	297590	5662697.00
2023-07-20	18.60	18.61	18.17	18.24	234230	4418854.50
2023-07-21	18.52	18.53	18.06	18.21	269300	5071513.00
2023-07-24	18.57	18.57	18.25	18.48	283720	5373889.00
2023-07-25	18.67	18.76	18.14	18.51	352820	6666110.50
2023-07-26	18.50	18.70	18.36	18.63	308520	5885614.00
2023-07-27	18.60	18.77	18.49	18.56	265380	5081869.50
2023-07-28	18.50	18.77	18.29	18.64	388320	7425897.50
2023-07-31	18.72	18.94	18.34	18.38	391410	7480220.00
2023-08-01	18.35	18.75	18.29	18.39	408320	7753284.50
2023-08-02	17.85	18.53	17.85	18.37	209870	3958299.25
2023-08-03	18.28	18.56	17.93	18.11	379550	7072596.50
2023-08-04	18.07	18.38	17.50	17.50	556040	10127241.00
2023-08-07	17.68	17.76	17.11	17.24	744600	13225266.00
2023-08-08	17.24	18.16	16.99	17.45	1604340	28985862.00
2023-08-09	17.36	17.37	17.01	17.05	754210	13314000.00
2023-08-10	17.01	17.22	16.93	17.22	378150	6660473.50
2023-08-11	17.27	17.36	16.91	16.96	333440	5884828.00
2023-08-14	16.95	17.28	16.69	17.25	482910	8469395.00
2023-08-15	17.18	17.35	17.06	17.24	277300	4906796.00
2023-08-16	17.15	17.24	16.83	16.83	327100	5713575.00
2023-08-17	16.90	17.34	16.70	17.30	425850	7449211.50
2023-08-18	17.38	17.43	17.11	17.11	268640	4772224.00
2023-08-21	17.01	17.35	16.93	17.02	378600	6681184.00
2023-08-22	17.00	17.16	16.71	17.02	337280	5873223.00
2023-08-23	16.92	16.99	16.53	16.54	307410	5296452.50
2023-08-24	16.54	17.19	16.37	16.91	548900	9499348.00
2023-08-25	16.89	17.08	16.35	16.41	323248	5553251.50
2023-08-28	17.29	17.40	16.41	17.19	858460	15057833.00
2023-08-29	17.74	17.96	16.44	17.05	1512488	26673952.00
2023-08-30	16.90	17.32	16.63	16.68	1049618	18333664.00
2023-08-31	16.64	16.89	16.58	16.83	495950	8556316.00
2023-09-01	16.84	16.93	16.64	16.73	409120	7059268.00
2023-09-04	17.08	17.08	16.59	16.86	628780	10867004.00
2023-09-05	16.86	16.96	16.82	16.88	414890	7212557.50
2023-09-06	17.07	17.28	16.82	17.24	568640	10004624.00
2023-09-07	17.24	17.35	16.97	16.99	460890	8113512.00
2023-09-08	17.16	17.16	16.91	16.97	252400	4413430.50
2023-09-11	17.17	17.34	16.86	17.27	418700	7403294.00
2023-09-12	17.30	17.30	17.16	17.25	202160	3588428.50
2023-09-13	17.25	17.49	17.12	17.23	399450	7099665.50
2023-09-14	17.23	17.25	16.97	17.07	302580	5326031.50
2023-09-15	17.07	17.21	16.94	17.11	244100	4288738.00
2023-09-18	17.11	17.44	16.92	17.40	411900	7327931.00
2023-09-19	17.50	17.50	17.08	17.30	253710	4519144.50
2023-09-20	17.30	17.32	17.02	17.02	303920	5351222.50
2023-09-21	17.21	17.21	16.83	16.93	247960	4322977.00
2023-09-22	17.00	17.28	16.70	17.21	373640	6575671.00
2023-09-25	17.23	17.44	17.05	17.24	386000	6861976.50
2023-09-26	17.31	17.43	17.15	17.35	275550	4914448.50
2023-09-27	17.35	17.49	17.23	17.37	272910	4879961.50
2023-09-28	17.44	17.44	17.29	17.43	204980	3663909.00
2023-10-09	17.42	17.58	16.80	16.96	555367	9802689.00
2023-10-10	17.25	17.25	16.52	16.68	407320	7028411.00
2023-10-11	16.70	17.10	16.63	16.97	541700	9437548.00
2023-10-12	16.90	17.01	16.71	16.97	438680	7598268.00
2023-10-13	17.04	17.25	16.68	16.82	397000	6889730.00
2023-10-16	16.82	16.82	16.45	16.50	394660	6727919.00
2023-10-17	16.54	16.56	16.22	16.41	421620	7118080.00
2023-10-18	16.29	16.39	15.78	15.87	463910	7641295.50
2023-10-19	15.82	16.15	15.66	15.84	327510	5368572.00
2023-10-20	15.91	16.17	15.72	15.88	395750	6492939.00
2023-10-23	15.95	16.28	15.51	15.63	413122	6666383.50
2023-10-24	15.63	16.28	15.50	16.22	400190	6565351.00
2023-10-25	16.25	16.62	16.22	16.39	387560	6567438.50
2023-10-26	16.38	16.54	15.99	16.50	358330	6015929.00
2023-10-27	16.49	16.81	16.29	16.73	390350	6701878.00
2023-10-30	16.83	17.36	16.83	17.13	361120	6339263.50
2023-10-31	17.13	17.39	17.08	17.24	285900	5068580.50
2023-11-01	17.24	17.40	17.13	17.37	424630	7553009.00
2023-11-02	17.44	17.44	17.05	17.15	256310	4529683.50
2023-11-03	17.44	17.44	16.73	17.24	395300	7018505.00
2023-11-06	17.35	17.67	17.25	17.42	365580	6547425.50
2023-11-07	17.46	17.46	17.18	17.46	298270	5325463.50
2023-11-08	17.57	17.57	17.27	17.50	431300	7750230.50
2023-11-09	17.62	17.63	17.29	17.41	292930	5250014.50
2023-11-10	17.30	17.57	17.25	17.46	297170	5342734.50
2023-11-13	17.46	17.86	17.46	17.75	389260	7064172.50
2023-11-14	17.76	18.01	17.66	17.82	534060	9785224.00
2023-11-15	17.88	18.06	17.75	17.80	357800	6561638.50
2023-11-16	17.87	17.87	17.63	17.83	377860	6902606.50
2023-11-17	17.78	18.06	17.66	17.95	519130	9541961.00
2023-11-20	17.98	18.24	17.73	17.89	341260	6281948.50
2023-11-21	17.89	18.10	17.70	17.83	523450	9616678.00
2023-11-22	17.72	17.89	17.50	17.68	393490	7152655.50
2023-11-23	17.75	17.75	17.47	17.74	457200	8297357.00
2023-11-24	17.80	17.80	17.42	17.59	476690	8606542.00
2023-11-27	17.61	17.81	17.43	17.58	376800	6810126.50
2023-11-28	17.51	17.93	17.51	17.80	721030	13190373.00
2023-11-29	17.87	17.89	17.58	17.70	283080	5159643.00
2023-11-30	17.71	17.86	17.45	17.60	410180	7434269.50
2023-12-01	17.67	17.79	17.42	17.63	315080	5713643.50
2023-12-04	17.64	17.83	17.52	17.63	381720	6931432.00
2023-12-05	17.64	18.14	17.30	17.33	932950	16911998.00
2023-12-06	17.29	17.50	16.92	17.35	830810	14826846.00
2023-12-07	17.35	17.51	17.24	17.36	579310	10329246.00
2023-12-08	17.43	17.56	17.06	17.08	484450	8577220.00
2023-12-11	16.98	17.27	16.90	17.15	393230	6924650.50
2023-12-12	17.14	17.29	16.83	17.29	441650	7766425.50
2023-12-13	17.36	17.49	17.16	17.23	456690	8136578.50
2023-12-14	17.24	17.38	17.12	17.13	278740	4951529.00
2023-12-15	17.18	17.48	16.93	17.01	480490	8449930.00
2023-12-18	17.08	17.15	16.80	16.83	325150	5674888.00
2023-12-19	16.90	17.08	16.72	16.83	421700	7306944.00
2023-12-20	17.10	17.48	16.74	17.30	1024260	17979836.00
2023-12-21	17.19	19.08	16.55	19.08	7868709	150271216.00
2023-12-22	18.25	19.48	17.80	18.08	7508865	141169696.00
2023-12-25	17.89	17.99	16.74	17.01	5732754	101505192.00
2023-12-26	17.01	18.76	16.92	18.76	8139603	153813952.00
2023-12-27	18.99	20.10	18.99	19.00	11614239	232162944.00
2023-12-28	19.10	19.83	18.45	19.46	9025636	178298960.00
2023-12-29	19.15	19.32	18.71	19.15	5194862	101606680.00
2024-01-02	19.19	19.50	18.92	19.36	4324655	85595392.00
2024-01-03	19.16	20.00	18.72	18.96	4669415	91816600.00
2024-01-04	18.87	19.49	18.58	18.83	3821640	74314928.00
2024-01-05	18.91	18.91	18.04	18.18	3264850	61716164.00
2024-01-08	18.09	18.16	17.66	17.92	1575330	29012174.00
2024-01-09	17.88	18.35	17.88	18.12	2825880	52748552.00
2024-01-10	17.95	18.24	17.71	17.94	1656980	30599092.00
2024-01-11	17.82	18.35	17.82	18.25	1767522	32916912.00
2024-01-12	18.28	18.44	18.07	18.13	1339990	25115064.00
2024-01-15	18.13	18.18	17.80	17.82	1413210	26050740.00
2024-01-16	17.82	17.99	17.13	17.38	2016680	36245732.00
2024-01-17	17.36	17.36	16.46	16.53	1743400	30249796.00
2024-01-18	16.45	16.52	15.07	15.43	2995560	48093188.00
2024-01-19	15.61	16.99	15.45	15.62	2503100	40618896.00
2024-01-22	15.42	15.60	14.23	14.56	2772800	43173932.00
2024-01-23	14.56	14.75	13.95	14.16	1738490	25491648.00
2024-01-24	14.17	14.48	13.54	14.07	1559800	22552762.00
2024-01-25	14.12	14.99	13.81	14.94	1893260	28470020.00
2024-01-26	14.95	15.48	14.71	15.28	1585740	25024104.00
2024-01-29	15.10	15.24	14.38	14.40	1511930	23014324.00
2024-01-30	14.34	14.46	13.65	13.77	1012200	14751079.00
2024-01-31	13.51	14.08	12.81	12.82	1191000	16395221.00
2024-02-01	13.27	13.27	12.17	12.48	1549021	20162884.00
2024-02-02	12.50	12.88	11.39	11.93	1766790	22354940.00
2024-02-05	11.86	11.87	10.69	10.69	1592040	18048326.00
2024-02-06	9.65	10.48	9.57	10.29	3529480	36562236.00
2024-02-07	10.51	10.51	9.30	9.53	3097018	31453516.00
2024-02-08	9.55	10.53	8.92	10.51	2506938	25670298.00
2024-02-19	10.56	11.16	10.56	11.00	1493823	17039240.00
2024-02-20	11.02	11.77	10.71	11.68	1245954	14744012.00
2024-02-21	11.66	12.86	11.38	12.31	1231335	15618808.00
2024-02-22	12.08	12.45	11.92	12.42	1413650	17888450.00
2024-02-23	12.28	12.49	12.13	12.37	1484396	18967626.00
2024-02-26	12.41	13.00	12.10	12.75	1430330	18719860.00
2024-02-27	12.66	13.26	12.58	13.10	1266740	17103656.00
2024-02-28	13.10	13.48	11.74	11.79	2053720	26784568.00
2024-02-29	11.62	12.23	11.49	12.14	1396380	17457400.00
2024-03-01	12.30	12.32	11.86	12.10	1241531	15625524.00
2024-03-04	12.05	12.16	11.72	11.99	1338269	16634050.00
2024-03-05	11.97	11.97	11.60	11.71	889689	10889000.00
2024-03-06	11.71	12.06	11.62	11.98	948119	11761104.00
2024-03-07	12.17	12.29	11.80	11.86	656030	8242054.00
2024-03-08	11.89	12.01	11.73	11.89	524520	6481444.00
2024-03-11	11.77	12.15	11.77	12.14	1159859	14463530.00
2024-03-12	12.20	12.32	11.96	12.32	1247150	15804298.00
2024-03-13	12.31	12.58	12.20	12.43	935729	12046375.00
2024-03-14	12.45	12.52	12.10	12.34	1009900	12973783.00
2024-03-15	12.38	12.63	12.18	12.61	836400	10834026.00
2024-03-18	12.69	12.96	12.49	12.82	1257030	16564949.00
2024-03-19	12.82	13.13	12.65	12.83	1117859	14981362.00
2024-03-20	12.84	13.13	12.75	13.06	1278339	17189816.00
2024-03-21	13.15	13.40	12.88	13.29	1330319	18158550.00
2024-03-22	13.21	13.37	12.76	12.93	1350461	18198578.00
2024-03-25	12.94	13.10	12.79	12.79	1420010	19098442.00
2024-03-26	12.90	13.28	12.75	13.26	2391760	32220452.00
2024-03-27	13.30	14.64	13.16	13.70	6915990	99542888.00
2024-03-28	12.75	13.29	12.64	13.20	5239800	70466128.00
2024-03-29	13.10	13.10	12.21	12.52	4365440	57003928.00
2024-04-01	12.40	12.66	12.34	12.63	3569210	46501808.00
2024-04-02	12.62	13.70	12.51	13.27	4487023	61165756.00
2024-04-03	13.12	13.47	12.81	13.10	3506293	47824772.00
2024-04-08	13.06	13.09	12.23	12.30	2560080	33486162.00
2024-04-09	13.58	13.58	13.58	13.58	1120180	15772134.00
2024-04-10	14.99	14.99	13.60	13.61	8999783	134195024.00
2024-04-11	13.50	13.59	12.87	13.24	5136150	70290880.00
2024-04-12	13.20	13.20	12.73	12.78	3445520	46070348.00
2024-04-15	12.86	12.88	11.73	12.40	2997680	38460128.00
2024-04-16	12.20	12.41	11.50	11.61	2479980	30521564.00
2024-04-17	12.08	12.15	11.71	12.13	1916260	24009334.00
2024-04-18	12.02	12.26	11.82	12.02	1917240	24106100.00
2024-04-19	11.91	12.58	11.85	12.33	2072320	26479590.00
2024-04-22	12.18	12.72	12.01	12.38	2195320	28225154.00
2024-04-23	12.33	12.57	12.29	12.41	1260900	16270213.00
2024-04-24	12.42	13.02	12.24	12.90	1625200	21378080.00
2024-04-25	12.90	13.18	12.66	12.86	2654100	35729104.00
2024-04-26	12.70	13.00	12.63	12.83	1966990	26265696.00
2024-04-29	12.90	13.39	12.87	13.35	2067670	28246080.00
2024-04-30	13.32	13.59	13.28	13.40	2145970	29915340.00
2024-05-06	13.50	13.93	13.48	13.88	2056770	29167514.00
2024-05-07	13.81	14.38	13.80	14.37	2117210	30919352.00
2024-05-08	14.23	14.88	14.03	14.14	2434910	36153288.00
2024-05-09	14.10	14.41	14.04	14.14	1921950	28332776.00
2024-05-10	14.08	14.23	13.86	13.91	1578000	22918226.00
2024-05-13	13.80	13.92	13.54	13.71	1330040	18927078.00
2024-05-14	14.05	14.10	13.53	14.09	1096330	15896739.00
2024-05-15	14.10	14.21	13.81	13.95	1112050	16136217.00
2024-05-16	14.00	14.30	14.00	14.08	992600	14552124.00
2024-05-17	14.07	14.25	13.96	14.25	834500	12245335.00
2024-05-20	14.33	14.42	14.19	14.32	1045130	15465686.00
2024-05-21	14.38	14.38	14.03	14.12	716130	10494916.00
2024-05-22	14.29	14.30	14.01	14.17	649610	9540479.00
2024-05-23	14.30	14.30	13.79	13.84	737860	10633843.00
2024-05-24	14.10	14.10	13.70	13.85	759000	10934346.00
2024-05-27	13.74	14.18	13.74	14.15	950800	13715995.00
2024-05-28	14.12	14.12	13.70	13.74	789670	11349308.00
2024-05-29	13.60	13.98	13.60	13.73	759430	10901277.00
2024-05-30	13.67	14.00	13.53	13.72	706560	10100035.00
2024-05-31	13.70	13.97	13.62	13.88	790850	11332345.00
2024-06-03	13.83	13.90	13.18	13.38	1160910	16207435.00
2024-06-04	13.46	13.46	12.69	12.90	1232930	16482564.00
2024-06-05	12.95	12.95	12.46	12.48	1061300	13925840.00
2024-06-06	12.39	12.65	11.68	11.83	1367390	17157368.00
2024-06-07	11.83	12.59	11.82	12.41	1587810	20223246.00
2024-06-11	12.28	12.40	11.97	12.39	1055400	13447609.00
2024-06-12	12.41	12.64	12.32	12.59	683090	8911470.00
2024-06-13	12.59	12.76	12.44	12.53	745070	9735628.00
2024-06-14	12.77	12.77	12.35	12.49	606930	7864078.50
2024-06-17	12.49	12.62	12.36	12.38	659800	8544948.00
2024-06-18	12.33	12.53	12.11	12.30	1126980	14449122.00
2024-06-19	12.30	12.52	12.21	12.37	959950	12365972.00
2024-06-20	12.24	12.44	11.98	12.07	695460	8788956.00
2024-06-21	12.01	12.27	11.88	12.15	562000	7102102.00
2024-06-24	12.28	12.28	11.38	11.44	1469300	17720506.00
2024-06-25	11.76	11.76	11.29	11.62	1214300	14668468.00
2024-06-26	11.64	12.20	11.46	11.90	2282700	27854226.00
2024-06-27	11.90	12.20	11.49	11.54	1621780	19548146.00
2024-06-28	11.61	11.79	11.45	11.49	1129650	13457379.00
2024-07-01	11.55	11.98	11.41	11.91	1875190	22549966.00
2024-07-02	11.88	12.11	11.88	11.97	1105300	13578811.00
2024-07-03	11.97	12.14	11.81	11.93	662990	8122606.00
2024-07-04	11.87	11.97	11.21	11.27	1512510	17815718.00
2024-07-05	11.27	11.70	11.14	11.69	1141560	13432674.00
2024-07-08	12.88	12.88	11.73	11.96	6350760	79078760.00
2024-07-09	11.83	11.90	11.11	11.49	7122000	83554016.00
2024-07-10	11.43	11.77	11.35	11.38	5465330	64557832.00
2024-07-11	11.52	11.79	11.45	11.76	3990787	47741672.00
2024-07-12	11.76	12.04	11.74	11.87	3015473	36761232.00
2024-07-15	11.86	11.86	11.41	11.56	2327150	27556636.00
2024-07-16	11.57	11.57	11.32	11.53	2349690	27612784.00
2024-07-17	11.50	11.52	11.21	11.23	1534800	17818612.00
2024-07-18	11.13	11.14	10.78	11.04	1819500	20415952.00
2024-07-19	11.09	11.18	10.85	11.09	1470760	16691109.00
2024-07-22	11.27	11.35	10.93	11.34	1631016	18766912.00
2024-07-23	11.37	11.38	10.95	11.01	1111696	12761550.00
2024-07-24	10.98	10.99	10.72	10.74	1713150	19098004.00
2024-07-25	10.74	11.15	10.67	11.05	2133681	24119848.00
2024-07-26	11.06	11.36	10.91	11.16	2281600	26243880.00
2024-07-29	11.42	11.42	10.98	11.22	1245458	14275042.00
2024-07-30	11.19	11.37	11.14	11.32	779700	9038398.00
2024-07-31	11.36	11.82	11.23	11.79	2153534	25579510.00
2024-08-01	12.05	12.05	11.48	11.53	1771500	21087064.00
2024-08-02	11.45	11.80	11.41	11.58	1453820	17364666.00
2024-08-05	11.52	11.65	11.28	11.35	1177800	13860887.00
2024-08-06	11.37	11.65	11.37	11.56	1155800	13640500.00
2024-08-07	11.57	11.68	11.46	11.53	750430	8894942.00
2024-08-08	11.45	11.58	11.30	11.42	1209180	14177160.00
2024-08-09	11.43	11.61	11.23	11.27	1047880	12215910.00
2024-08-12	11.37	11.45	11.17	11.32	1100840	12770832.00
2024-08-13	11.32	11.50	11.16	11.50	877610	10249809.00
2024-08-14	11.66	11.66	11.38	11.45	863900	10237465.00
2024-08-15	11.42	11.53	11.24	11.42	904500	10581728.00
2024-08-16	11.42	11.46	11.24	11.36	707730	8245931.50
2024-08-19	11.26	11.50	11.25	11.30	520900	6078320.00
2024-08-20	11.35	11.37	11.05	11.12	931000	10703606.00
2024-08-21	11.12	11.42	11.11	11.35	947140	10990764.00
2024-08-22	11.36	11.42	11.05	11.08	803780	9206649.00
2024-08-23	11.08	11.11	10.87	10.98	957300	10783755.00
2024-08-26	10.93	11.30	10.92	11.30	870310	9997181.00
2024-08-27	11.30	11.46	11.23	11.38	808500	9417455.00
2024-08-28	11.24	11.49	11.06	11.35	1319400	15328152.00
2024-08-29	11.36	11.76	11.28	11.69	1387010	16496138.00
2024-08-30	11.69	11.82	11.57	11.71	1668940	20018638.00
2024-09-02	11.64	11.88	11.64	11.70	945950	11427101.00
2024-09-03	11.70	11.89	11.56	11.82	851990	10299910.00
2024-09-04	11.76	11.95	11.60	11.74	1293480	15642921.00
2024-09-05	11.80	11.80	11.55	11.69	1134930	13557032.00
2024-09-06	11.69	11.79	11.44	11.51	1053960	12502690.00
2024-09-09	11.57	11.66	11.25	11.53	894800	10555783.00
2024-09-10	11.58	11.70	11.25	11.48	967760	11332189.00
2024-09-11	11.41	11.55	11.33	11.42	768800	9028410.00
2024-09-12	11.44	11.61	11.30	11.35	836590	9822754.00
2024-09-13	11.36	11.40	11.14	11.16	767900	8834393.00
2024-09-18	11.16	11.16	10.48	10.69	1563200	17248204.00
2024-09-19	10.75	11.16	10.67	11.02	1156390	13014649.00
2024-09-20	11.03	11.15	10.86	10.98	829300	9325007.00
2024-09-23	10.98	11.04	10.82	10.87	770796	8642961.00
2024-09-24	10.82	11.45	10.82	11.45	1177600	13536147.00
2024-09-25	11.54	11.61	11.35	11.43	1384226	16323712.00
2024-09-26	11.31	11.67	11.31	11.67	1038100	12281228.00
2024-09-27	11.73	12.36	11.73	12.21	1642300	20228064.00
2024-09-30	12.86	13.33	12.31	13.23	2971813	39227376.00
2024-10-08	14.58	14.58	13.50	14.58	5696751	82697624.00
2024-10-09	15.06	15.06	13.09	13.09	6358072	88670576.00
2024-10-10	13.15	13.88	13.15	13.63	4259289	59315780.00
2024-10-11	13.70	13.98	12.87	13.05	4388185	60295812.00
2024-10-14	13.05	13.23	12.79	13.11	3138280	41894920.00
2024-10-15	13.11	13.19	12.80	12.80	2031060	26963094.00
2024-10-16	12.80	12.96	12.62	12.92	1332130	17533562.00
2024-10-17	12.95	13.16	12.76	12.80	1192500	15761224.00
2024-10-18	12.92	13.38	12.76	13.24	2462150	32962766.00
2024-10-21	13.29	13.58	13.25	13.35	1811610	24805464.00
2024-10-22	13.37	13.68	13.33	13.66	1966723	27215718.00
2024-10-23	13.68	13.78	13.30	13.46	2794130	38545884.00
2024-10-24	13.46	13.53	13.30	13.41	1351620	18523560.00
2024-10-25	13.43	13.60	13.43	13.58	1584986	21940080.00
2024-10-28	13.59	13.92	13.59	13.92	1971700	27775870.00
2024-10-29	13.98	14.08	13.56	13.57	1806000	25303602.00
2024-10-30	13.57	13.77	13.37	13.49	1248370	17306844.00
2024-10-31	13.46	13.64	13.36	13.53	1489243	20572662.00
2024-11-01	13.40	13.56	13.14	13.28	1883270	25653976.00
2024-11-04	13.23	13.46	13.17	13.46	1066336	14549213.00
2024-11-05	13.46	13.86	13.46	13.84	1788690	25001162.00
2024-11-06	13.90	14.19	13.66	13.98	1887810	26959190.00
2024-11-07	13.94	15.41	13.82	15.41	3761225	56225196.00
2024-11-08	16.53	16.70	14.62	14.66	9945366	153642032.00
2024-11-11	15.44	15.66	14.64	14.97	6202800	94898344.00
2024-11-12	14.94	15.18	14.71	14.98	4946256	75367440.00
2024-11-13	14.73	14.97	14.36	14.57	2497100	37185716.00
2024-11-14	14.62	14.84	14.34	14.48	2088380	31078888.00
2024-11-15	14.36	14.46	14.02	14.04	1817170	26479774.00
2024-11-18	14.04	14.35	13.48	13.64	1754560	24949670.00
2024-11-19	13.74	14.20	13.60	14.20	1337231	18878414.00
2024-11-20	13.98	14.43	13.98	14.36	1659040	24216812.00
2024-11-21	14.38	14.54	14.28	14.51	1350250	19880206.00
2024-11-22	14.45	14.53	13.90	13.94	1548100	22528966.00
2024-11-25	13.91	14.39	13.91	14.36	1771006	25705108.00
2024-11-26	14.32	14.68	14.32	14.45	1571560	23281052.00
2024-11-27	14.36	15.20	13.87	14.94	6390240	96221992.00
2024-11-28	15.20	15.22	14.50	14.56	5540744	84057256.00
2024-11-29	14.56	14.62	14.26	14.58	3035246	44801924.00
2024-12-02	14.55	14.76	14.51	14.60	2342354	34928412.00
2024-12-03	14.60	14.63	14.37	14.57	1834676	27146414.00
2024-12-04	14.70	15.50	14.42	14.98	4380540	66492824.00
2024-12-05	14.87	15.28	14.71	14.91	3942850	60333760.00
2024-12-06	14.96	15.10	14.81	14.88	1944970	29602232.00
2024-12-09	15.08	15.11	14.80	15.00	1977930	30222604.00
2024-12-10	15.23	15.35	14.83	14.93	2179042	33405540.00
2024-12-11	14.87	14.94	14.74	14.88	1663740	25220428.00
2024-12-12	14.91	15.22	14.84	15.21	2140446	32898682.00
2024-12-13	15.11	15.33	15.00	15.19	1950430	30133134.00
2024-12-16	15.16	15.84	15.06	15.70	3534739	56041644.00
2024-12-17	15.49	15.70	14.23	14.43	4341586	65483920.00
2024-12-18	14.43	14.79	14.27	14.53	2017240	29941512.00
2024-12-19	14.49	14.65	14.16	14.40	1183565	17373000.00
2024-12-20	14.35	14.90	14.30	14.70	2302353	34578564.00
2024-12-23	14.69	14.99	13.83	14.01	2429660	35242744.00
2024-12-24	14.01	14.29	13.83	13.99	1378510	19739012.00
2024-12-25	14.00	14.08	13.41	13.59	1453120	20257654.00
2024-12-26	13.61	13.98	13.60	13.91	948150	13421795.00
2024-12-27	13.91	14.37	13.83	14.25	1032610	14984878.00
2024-12-30	14.26	14.26	13.84	14.09	1041110	14940481.00
2024-12-31	14.15	14.29	13.80	13.82	1071380	15316822.00
2025-01-02	13.82	14.04	13.45	13.56	1443636	20237778.00
2025-01-03	13.57	13.83	13.14	13.21	1404100	19215364.00
2025-01-06	13.22	13.27	12.62	13.09	1676010	22310240.00
2025-01-07	13.09	13.71	13.06	13.68	1995630	27309008.00
2025-01-08	13.61	14.62	13.52	14.50	3614600	52229224.00
2025-01-09	14.35	14.88	14.31	14.85	3187910	47770556.00
2025-01-10	14.90	14.90	13.99	14.12	2975240	43536148.00
2025-01-13	14.70	15.56	14.10	14.40	8981377	136280704.00
2025-01-14	14.40	15.08	13.50	14.93	8234490	120711232.00
2025-01-15	14.86	14.92	14.15	14.50	4960357	73202544.00
2025-01-16	14.36	14.82	13.90	14.10	5321560	77582960.00
2025-01-17	13.95	15.54	13.95	15.54	7063910	111400312.00
2025-01-20	15.54	15.91	14.98	15.41	12245183	190419392.00
2025-01-21	15.12	15.12	14.71	14.97	7061080	107137216.00
2025-01-22	14.72	15.09	14.60	14.76	4303704	64966024.00
2025-01-23	14.85	15.54	14.63	15.38	7516047	115549800.00
2025-01-24	15.00	15.15	14.60	15.03	4472670	68001400.00
2025-01-27	15.03	15.24	14.76	14.77	3181890	48471960.00
2025-02-05	14.64	14.95	14.30	14.82	2831010	42631952.00
2025-02-06	14.71	14.94	14.61	14.94	2538330	38353028.00
2025-02-07	14.96	15.20	14.80	15.07	3919260	59784672.00
2025-02-10	15.06	15.12	14.81	15.02	2594300	39512372.00
2025-02-11	15.08	15.39	14.90	15.30	4011363	62270028.00
2025-02-12	15.19	15.29	15.00	15.13	2803900	43175120.00
2025-02-13	15.05	15.23	14.93	15.10	2099960	32251244.00
2025-02-14	15.05	15.07	14.69	14.70	2878300	43461860.00
2025-02-17	14.76	15.07	14.69	14.92	2381050	36211032.00
2025-02-18	14.88	15.07	14.55	14.82	2383130	36112716.00
2025-02-19	14.81	14.94	14.60	14.83	1762160	26656368.00
2025-02-20	14.88	15.09	14.81	14.97	1930650	29430716.00
2025-02-21	14.90	15.02	14.62	14.77	1776130	26664472.00
2025-02-24	15.02	15.25	14.82	14.90	2662890	40841672.00
2025-02-25	14.76	14.84	14.54	14.65	1902550	28469064.00
2025-02-26	14.60	14.90	14.60	14.79	1294620	19547446.00
2025-02-27	14.77	14.87	14.56	14.78	1304770	19578376.00
2025-02-28	14.79	14.98	14.58	14.77	2129230	32246012.00
2025-03-03	14.80	16.28	14.78	16.28	7676100	123077704.00
2025-03-04	16.70	17.20	16.06	16.16	10851298	182974304.00
2025-03-05	16.33	16.41	15.54	15.93	5696150	91872112.00
2025-03-06	15.90	15.93	15.58	15.69	5966350	95330512.00
2025-03-07	15.70	15.82	15.40	15.60	4825750	76823920.00
2025-03-10	15.59	16.25	15.50	15.78	6220950	100370968.00
2025-03-11	15.57	15.75	15.28	15.75	4327471	68399712.00
2025-03-12	15.76	15.86	15.57	15.76	3416200	54752532.00
2025-03-13	15.79	15.83	15.35	15.62	2090410	33164490.00
2025-03-14	15.65	15.65	15.45	15.61	1851471	29390564.00
2025-03-17	15.60	15.78	15.55	15.78	1972050	31529854.00
2025-03-18	15.78	15.82	15.48	15.82	1951480	31219904.00
2025-03-19	15.87	15.93	15.59	15.67	2123780	34144544.00
2025-03-20	15.59	15.90	15.57	15.63	1643335	26263254.00
2025-03-21	15.51	15.68	15.20	15.25	1675360	26273268.00
2025-03-24	15.30	15.34	14.82	15.24	2095360	32201466.00
2025-03-25	15.12	16.48	14.99	16.12	5331510	86292872.00
2025-03-26	16.20	16.40	16.00	16.08	3356171	55160384.00
2025-03-27	15.91	16.24	15.91	16.05	1970621	32289680.00
2025-03-28	15.94	16.06	15.52	15.54	2157700	34545380.00
2025-03-31	15.38	15.44	14.89	15.17	1668835	25697420.00
2025-04-01	15.18	15.70	15.12	15.46	2043140	32273602.00
2025-04-02	15.20	15.68	15.20	15.52	1255800	19868790.00
2025-04-03	15.35	15.65	15.18	15.59	1324810	20898888.00
2025-04-07	14.72	15.07	14.00	14.00	2283410	32913956.00
2025-04-08	14.05	14.65	13.49	14.65	3152310	45744040.00
2025-04-09	14.58	14.66	13.51	14.51	2933597	42393268.00
2025-04-10	14.42	15.15	14.42	14.89	2367790	35880204.00
2025-04-11	14.82	15.06	14.50	14.62	1577210	23771632.00
2025-04-14	15.09	15.27	14.86	15.06	1933910	29705672.00
2025-04-15	15.06	15.40	15.02	15.26	1642900	25553872.00
2025-04-16	15.31	15.40	14.76	15.00	1191900	18299180.00
2025-04-17	14.99	15.35	14.83	15.26	1018330	15801643.00
2025-04-18	15.25	15.33	15.12	15.25	864400	13429891.00
2025-04-21	15.23	15.50	15.12	15.50	974678	15275178.00
2025-04-22	15.54	15.89	15.50	15.88	2045400	32817122.00
2025-04-23	16.05	16.06	15.78	15.98	2265920	36821924.00
2025-04-24	15.99	16.12	15.77	15.96	1772930	28847644.00
2025-04-25	15.96	16.08	15.67	15.75	1358400	21825666.00
2025-04-28	15.62	15.75	15.23	15.63	1326460	21001730.00
2025-04-29	15.61	15.91	15.54	15.87	1035860	16703935.00
2025-04-30	15.88	16.06	15.71	15.76	1123550	18132304.00
2025-05-06	15.76	16.15	15.76	16.15	1578769	25764892.00
2025-05-07	16.23	16.68	16.13	16.41	2772370	46262444.00
2025-05-08	16.48	17.06	16.23	16.37	2664420	44690464.00
2025-05-09	16.39	16.57	16.25	16.28	1665820	27770242.00
2025-05-12	16.31	16.52	16.23	16.47	1735230	28991818.00
2025-05-13	16.55	16.57	16.24	16.39	1415100	23621020.00
2025-05-14	16.41	16.48	16.30	16.41	1014800	16936340.00
2025-05-15	16.33	16.50	16.23	16.43	865190	14455766.00
2025-05-16	16.42	16.68	16.32	16.66	1075660	18141974.00
2025-05-19	16.66	16.76	16.48	16.71	1382330	23408876.00
2025-05-20	16.77	16.88	16.51	16.69	1707990	28987392.00
2025-05-21	16.67	16.78	16.46	16.58	914610	15414060.00
2025-05-22	16.47	16.64	16.16	16.23	1150300	19149792.00
2025-05-23	16.22	16.59	16.18	16.25	1249260	20882848.00
2025-05-26	16.32	16.55	16.15	16.40	942560	15707337.00
2025-05-27	16.40	16.92	16.20	16.75	1706200	28845404.00
2025-05-28	16.99	17.18	16.42	16.54	2068380	35231480.00
2025-05-29	16.47	16.79	16.35	16.63	1524140	25786072.00
2025-05-30	16.55	16.72	16.37	16.45	1082100	18204020.00
2025-06-03	16.28	16.67	16.28	16.62	991910	16740959.00
2025-06-04	16.63	16.80	16.53	16.76	880730	14970573.00
2025-06-05	16.83	16.98	16.64	16.78	1161930	19832804.00
2025-06-06	16.78	17.85	16.72	17.23	3366580	58905216.00
2025-06-09	17.23	18.64	17.02	17.97	5071090	91897664.00
2025-06-10	17.65	18.19	17.42	17.80	4671700	84397536.00
2025-06-11	17.84	18.22	17.66	17.75	2485360	44218204.00
2025-06-12	17.63	18.16	17.63	17.95	1826550	32650370.00
2025-06-13	17.84	18.03	17.49	17.68	1400329	24798100.00
2025-06-16	17.61	17.91	17.55	17.70	1360006	24120092.00
2025-06-17	17.75	18.38	17.59	17.78	1907580	34151000.00
2025-06-18	17.62	18.01	17.26	17.30	1595740	27869234.00
2025-06-19	17.36	17.36	16.83	16.85	1918740	32665252.00
2025-06-20	16.85	17.10	16.65	16.76	1177820	19807472.00
2025-06-23	16.70	17.08	16.66	16.99	1354260	22946014.00
2025-06-24	17.33	17.36	16.87	17.34	1305210	22470252.00
2025-06-25	17.48	17.50	17.10	17.17	1373800	23714658.00
2025-06-26	17.22	17.33	16.91	17.00	1179810	20148854.00
2025-06-27	17.08	17.14	16.95	17.08	1009790	17206092.00
2025-06-30	17.14	17.39	17.03	17.38	1419330	24429356.00
2025-07-01	17.45	17.48	17.21	17.44	1066500	18522284.00
2025-07-02	17.45	17.53	17.30	17.47	1038800	18090366.00
2025-07-03	17.54	19.22	17.29	19.22	3040110	57033344.00
2025-07-04	19.22	19.22	18.04	18.15	10735267	196656496.00
2025-07-07	18.20	18.34	17.71	17.94	5398490	96936848.00
2025-07-08	18.04	18.17	17.83	17.88	4262440	76556056.00
2025-07-09	17.92	17.95	17.54	17.68	3727300	65892640.00
2025-07-10	17.67	17.73	17.23	17.38	3241460	56515452.00
2025-07-11	17.35	17.45	17.05	17.36	2943350	50818284.00
2025-07-14	17.35	17.61	17.31	17.57	2781550	48676888.00
2025-07-15	17.56	17.65	16.90	17.08	3204200	54813644.00
2025-07-16	17.08	17.24	17.01	17.15	1398850	23959534.00
2025-07-17	17.16	17.29	17.10	17.22	1302400	22404448.00
2025-07-18	17.35	17.35	17.10	17.29	1478630	25421830.00
2025-07-21	17.28	17.84	17.24	17.70	2587460	45544512.00
2025-07-22	17.69	17.69	17.44	17.64	1437400	25234856.00
2025-07-23	17.59	17.67	17.39	17.44	1375300	24062596.00
2025-07-24	17.38	17.56	17.38	17.50	1131150	19754306.00
2025-07-25	17.50	19.25	17.42	19.25	5287560	99601200.00
2025-07-28	20.38	21.18	19.81	21.18	13075290	271395584.00
2025-07-29	20.93	22.98	19.76	20.29	17182618	359465728.00
2025-07-30	19.71	20.24	18.92	19.14	11876518	230416144.00
2025-07-31	18.99	19.00	18.25	18.34	7205080	133817032.00
2025-08-01	18.30	18.70	18.20	18.31	4774700	87941104.00
2025-08-04	18.13	18.60	18.06	18.52	4037400	74205976.00
2025-08-05	18.52	18.62	18.40	18.57	2773860	51376356.00
2025-08-06	18.58	18.65	18.49	18.56	1955410	36287984.00
2025-08-07	18.50	18.61	18.36	18.47	2221610	41011688.00
2025-08-08	18.47	18.62	18.31	18.57	2845700	52579692.00
2025-08-11	18.68	18.95	18.48	18.91	3433749	64506700.00
2025-08-12	18.99	19.08	18.81	18.96	2797540	52959056.00
2025-08-13	19.00	19.06	18.83	18.85	2398690	45305992.00
2025-08-14	18.90	19.25	18.76	19.00	4403800	83491320.00
2025-08-15	19.16	19.60	19.16	19.58	5831960	112734392.00
2025-08-18	19.57	19.66	19.05	19.47	4454400	86183968.00
2025-08-19	19.40	19.40	19.18	19.33	2690410	51836052.00
2025-08-20	19.28	20.03	19.17	19.91	4512406	88597736.00
2025-08-21	19.92	20.00	19.40	19.54	3407270	66964808.00
2025-08-22	19.50	19.50	19.23	19.36	2614979	50569628.00
2025-08-25	19.36	19.45	19.18	19.28	2519020	48634820.00
2025-08-26	19.27	19.68	19.05	19.55	2568230	50029328.00
2025-08-27	19.61	19.90	18.92	18.92	4252579	82549656.00
2025-08-28	18.83	19.28	18.25	18.82	3329293	62494084.00
2025-08-29	18.77	19.08	18.58	18.79	2012572	37860724.00
2025-09-01	18.78	19.50	18.78	19.28	3306261	63640156.00
2025-09-02	19.13	21.21	18.40	19.88	11181052	224972400.00
2025-09-03	19.72	19.72	18.60	18.84	9582233	182264144.00
2025-09-04	18.91	19.26	18.48	18.80	4522120	85699640.00
2025-09-05	19.00	19.40	18.63	19.18	3560060	67962712.00
2025-09-08	19.13	19.61	19.09	19.60	3216750	62479776.00
2025-09-09	19.52	19.80	19.19	19.34	2286590	44495820.00
2025-09-10	19.34	19.45	19.14	19.35	1800830	34745624.00
2025-09-11	19.23	19.40	19.02	19.35	2365650	45379412.00
2025-09-12	19.21	19.44	19.18	19.41	2033710	39306372.00
2025-09-15	19.42	19.95	19.11	19.57	3347440	65085164.00
2025-09-16	19.53	19.56	19.25	19.51	1975180	38379032.00
2025-09-17	19.44	19.72	19.28	19.32	1836600	35683324.00
2025-09-18	19.32	19.33	18.48	18.62	2569930	48564720.00
2025-09-19	18.68	18.85	18.33	18.44	1676630	31072704.00
2025-09-22	18.29	18.66	18.11	18.28	1463800	26729356.00
2025-09-23	18.27	18.29	17.36	17.96	2174380	38618932.00
2025-09-24	17.86	18.49	17.86	18.45	1325560	24146810.00
2025-09-25	18.39	18.49	18.00	18.09	1144090	20851742.00
2025-09-26	18.09	18.40	17.79	18.12	1358990	24733052.00
2025-09-29	18.22	18.49	17.84	18.45	1553840	28484904.00
2025-09-30	18.49	18.91	18.45	18.69	1673030	31345164.00
2025-10-23	20.57	20.57	20.57	20.57	0	0.00
数据来源:通达信
