001282 三联锻造 日线 前复权
      日期	    开盘	    最高	    最低	    收盘	    成交量	    成交额
2023-05-24	14.48	16.52	14.06	15.07	16126060	499316064.00
2023-05-25	14.08	18.39	13.83	17.13	17343072	551000896.00
2023-05-26	15.81	16.27	14.90	14.92	12816816	398736288.00
2023-05-29	14.28	15.58	14.05	15.13	8917864	263714080.00
2023-05-30	14.99	16.42	14.77	15.30	10864287	341393632.00
2023-05-31	15.17	16.86	15.17	16.86	10133269	337723296.00
2023-06-01	17.29	18.24	16.11	16.12	17375154	586789184.00
2023-06-02	14.48	15.19	14.48	14.98	10880544	324402624.00
2023-06-05	14.70	14.91	14.47	14.60	6028110	176633632.00
2023-06-06	14.49	14.51	14.03	14.13	5877120	167236160.00
2023-06-07	14.17	14.43	14.11	14.36	4098820	116930920.00
2023-06-08	14.28	14.31	13.89	13.94	4109496	115770464.00
2023-06-09	13.95	14.33	13.95	14.09	3765049	106786288.00
2023-06-12	13.92	14.73	13.61	14.59	6613866	189097280.00
2023-06-13	14.51	14.78	14.33	14.37	4665840	135067680.00
2023-06-14	14.30	14.48	14.10	14.18	3529844	100901680.00
2023-06-15	14.18	14.41	13.93	14.19	3552244	101185024.00
2023-06-16	14.11	15.64	14.11	15.64	13437893	411952544.00
2023-06-19	17.14	17.23	16.52	17.23	7825655	267739024.00
2023-06-20	17.03	18.10	15.99	16.62	17323823	588027008.00
2023-06-21	16.69	17.98	16.69	17.03	11327906	388766336.00
2023-06-26	17.43	18.53	16.17	16.93	10064488	351256832.00
2023-06-27	17.03	17.32	15.71	16.17	7880748	255250480.00
2023-06-28	16.24	17.19	15.76	16.98	7570924	248587152.00
2023-06-29	16.51	18.71	16.41	18.71	8815071	308903456.00
2023-06-30	18.71	18.71	17.76	17.90	8848533	320115616.00
2023-07-03	18.05	18.24	17.29	17.46	5815859	205461264.00
2023-07-04	17.61	17.95	17.28	17.67	5472451	192782944.00
2023-07-05	17.27	17.41	16.72	16.80	5548301	188178528.00
2023-07-06	16.68	17.05	16.45	16.86	3506192	117424712.00
2023-07-07	16.76	16.96	16.37	16.37	2904498	96481592.00
2023-07-10	16.33	17.37	16.33	16.71	4184175	140532384.00
2023-07-11	16.70	17.18	16.65	17.01	4021034	135991424.00
2023-07-12	16.89	17.24	16.52	16.53	4111892	138656256.00
2023-07-13	16.27	16.50	16.02	16.27	3573532	115620440.00
2023-07-14	16.22	16.37	16.01	16.14	1980647	64056004.00
2023-07-17	16.06	16.27	15.73	16.27	1841918	59017492.00
2023-07-18	16.12	16.36	15.91	16.29	2048820	66165888.00
2023-07-19	16.22	16.24	15.89	15.89	1845210	59043928.00
2023-07-20	15.88	16.16	15.70	15.76	1664387	52957436.00
2023-07-21	15.57	15.89	15.35	15.50	1433648	44677632.00
2023-07-24	15.48	15.64	15.41	15.50	728621	22601258.00
2023-07-25	15.64	15.92	15.64	15.70	1500453	47244124.00
2023-07-26	15.63	15.68	15.18	15.23	1607042	49442964.00
2023-07-27	15.49	15.84	15.28	15.29	1963574	61002056.00
2023-07-28	15.15	15.76	14.92	15.52	2069115	63468816.00
2023-07-31	15.56	15.84	15.25	15.34	1970827	60957904.00
2023-08-01	15.28	15.37	15.01	15.05	1832665	55493740.00
2023-08-02	15.04	15.17	14.91	15.05	1167793	35071816.00
2023-08-03	14.99	15.03	14.80	14.93	1126989	33602232.00
2023-08-04	14.93	15.08	14.89	14.97	1058329	31732724.00
2023-08-07	14.97	15.03	14.67	14.76	1257287	37349092.00
2023-08-08	14.79	14.94	14.68	14.92	1388739	41232944.00
2023-08-09	14.83	14.87	14.48	14.77	1590480	46681984.00
2023-08-10	14.74	15.17	14.70	15.14	2306879	69216944.00
2023-08-11	15.23	15.23	14.75	14.87	1456180	43495672.00
2023-08-14	14.66	15.02	14.56	14.94	1310695	38924288.00
2023-08-15	14.94	15.73	14.89	15.43	4710466	144420928.00
2023-08-16	15.36	15.68	15.01	15.13	3543949	108266624.00
2023-08-17	15.09	15.58	14.28	15.46	5328830	159584080.00
2023-08-18	15.40	16.27	15.37	15.78	7978581	252523488.00
2023-08-21	15.56	16.09	15.40	15.67	5418296	170201344.00
2023-08-22	15.66	15.99	14.99	15.36	4868010	150601120.00
2023-08-23	15.50	15.64	14.73	14.89	3340659	100413352.00
2023-08-24	14.74	14.93	14.29	14.74	2833157	82987664.00
2023-08-25	14.51	14.68	13.85	13.90	2781087	79249792.00
2023-08-28	15.29	15.29	14.36	14.43	4587680	136143888.00
2023-08-29	14.43	15.90	14.43	15.90	2861220	88807584.00
2023-08-30	16.39	16.76	16.01	16.03	8112464	264125152.00
2023-08-31	16.03	16.22	15.83	15.92	3803252	121543704.00
2023-09-01	15.88	16.13	15.69	15.95	3071070	97826464.00
2023-09-04	15.96	16.20	15.78	16.01	2639497	84188760.00
2023-09-05	15.89	16.19	15.81	15.81	2077203	66187480.00
2023-09-06	15.94	16.00	15.55	15.70	2533712	79734264.00
2023-09-07	15.51	15.67	14.83	14.83	2790192	84242792.00
2023-09-08	14.83	15.21	14.62	15.03	1894440	56676264.00
2023-09-11	14.97	15.39	14.83	15.29	2059232	62326912.00
2023-09-12	15.37	15.60	15.31	15.36	1564946	48239588.00
2023-09-13	15.26	15.35	14.81	14.94	1393440	41765396.00
2023-09-14	14.93	14.95	14.54	14.65	1075422	31701232.00
2023-09-15	14.67	14.75	14.41	14.52	1134883	32998414.00
2023-09-18	14.44	15.95	14.39	15.25	3257735	99805936.00
2023-09-19	15.20	15.23	14.80	15.04	1968103	58880940.00
2023-09-20	15.08	15.75	15.06	15.30	3428900	105836800.00
2023-09-21	15.17	16.86	15.15	16.86	5746506	187676736.00
2023-09-22	18.58	18.58	18.58	18.58	4826165	178712880.00
2023-09-25	20.47	20.47	20.47	20.47	7006904	285391200.00
2023-09-26	21.12	22.54	19.89	22.54	11542888	492591680.00
2023-09-27	22.65	24.83	20.26	20.37	23462747	1067815680.00
2023-09-28	18.30	19.37	18.30	18.51	18241156	678374016.00
2023-10-09	18.51	20.40	18.51	20.40	13533910	528359232.00
2023-10-10	20.61	20.91	19.39	19.64	15984491	635555008.00
2023-10-11	19.56	19.59	18.83	19.17	8172340	313122752.00
2023-10-12	18.88	19.22	18.67	18.98	7349657	276926880.00
2023-10-13	18.83	19.16	18.31	18.32	9129691	338482880.00
2023-10-16	18.05	18.60	17.89	18.16	6843273	249254192.00
2023-10-17	17.96	18.16	17.10	17.36	7274186	253151136.00
2023-10-18	17.27	17.99	16.78	17.70	8229512	287604896.00
2023-10-19	17.39	18.27	17.11	17.90	7978414	281743008.00
2023-10-20	17.51	18.30	17.34	17.35	6513380	230653408.00
2023-10-23	17.19	18.56	17.19	18.15	9374555	335622944.00
2023-10-24	18.43	19.23	18.18	19.23	11604389	435073984.00
2023-10-25	18.77	19.15	18.26	19.12	8982616	335563744.00
2023-10-26	18.70	19.98	18.41	19.50	10289830	391695424.00
2023-10-27	19.52	21.42	19.28	19.60	13193290	527817664.00
2023-10-30	19.34	19.35	17.66	18.22	8868226	321772640.00
2023-10-31	18.06	18.21	17.24	17.51	6742642	238034480.00
2023-11-01	17.49	18.17	17.29	17.85	5876412	208679872.00
2023-11-02	18.05	18.37	17.77	17.94	6627680	238619312.00
2023-11-03	18.24	18.55	17.95	18.16	6093846	221572864.00
2023-11-06	17.97	18.55	17.97	18.55	6657736	243021984.00
2023-11-07	18.39	18.97	18.21	18.84	7033143	262469376.00
2023-11-08	18.72	18.80	18.24	18.58	5604399	206428464.00
2023-11-09	18.38	18.59	17.98	18.12	4336141	157789712.00
2023-11-10	18.04	18.21	17.65	17.87	2995539	106516920.00
2023-11-13	17.89	19.23	17.78	18.99	8813442	331185664.00
2023-11-14	18.87	19.28	18.64	19.28	9315787	353326720.00
2023-11-15	19.27	20.02	18.82	19.58	9233554	355798304.00
2023-11-16	19.59	20.81	19.27	20.10	10886200	432964256.00
2023-11-17	19.59	20.48	19.52	19.65	7996017	317726624.00
2023-11-20	19.54	20.54	19.30	20.32	8816669	348900992.00
2023-11-21	20.63	20.63	19.48	19.69	7907945	315021792.00
2023-11-22	19.43	21.69	19.29	21.69	12144756	496653984.00
2023-11-23	21.21	21.21	20.02	20.37	12661920	515629504.00
2023-11-24	20.01	20.24	18.82	18.84	9104518	352496576.00
2023-11-27	19.02	20.04	18.98	19.68	8311902	323707136.00
2023-11-28	19.33	20.38	19.23	20.38	9378101	372670080.00
2023-11-29	20.48	20.81	19.99	20.25	8188703	332599328.00
2023-11-30	20.50	20.50	19.28	19.69	5492956	216057552.00
2023-12-01	19.49	19.61	18.62	19.09	5209191	196800656.00
2023-12-04	19.03	19.18	18.74	19.11	3374032	127810120.00
2023-12-05	19.11	19.11	18.30	18.30	3489616	129278088.00
2023-12-06	18.21	18.79	18.06	18.15	3119243	114608832.00
2023-12-07	18.06	18.15	17.49	17.50	4304447	152445312.00
2023-12-08	17.34	17.67	17.21	17.36	2763952	95805616.00
2023-12-11	17.25	17.84	17.21	17.83	3399445	119839584.00
2023-12-12	17.70	18.08	17.62	17.95	2616373	93364864.00
2023-12-13	17.90	18.20	17.72	17.87	2691232	96305440.00
2023-12-14	17.94	17.94	17.41	17.52	2349344	82724544.00
2023-12-15	17.51	17.68	17.44	17.62	1409087	49378348.00
2023-12-18	17.60	17.77	17.37	17.52	1462943	51337652.00
2023-12-19	17.48	17.52	17.10	17.28	1725019	59479020.00
2023-12-20	17.24	17.72	17.24	17.33	1800793	62867164.00
2023-12-21	17.21	18.18	16.93	17.75	3175940	110843648.00
2023-12-22	17.69	18.11	17.47	17.69	2857240	101529768.00
2023-12-25	17.70	18.76	17.70	18.76	6606443	241804544.00
2023-12-26	18.54	18.54	17.96	18.24	4263374	154918944.00
2023-12-27	18.21	18.35	17.72	17.76	2912477	103816800.00
2023-12-28	17.96	18.66	17.96	18.26	3892174	141823808.00
2023-12-29	17.78	18.52	17.24	18.14	4039449	145841136.00
2024-01-02	18.16	18.74	18.08	18.40	3706852	136367520.00
2024-01-03	18.38	18.40	17.70	17.85	2658941	95070280.00
2024-01-04	17.85	19.19	17.49	18.59	5172896	190133616.00
2024-01-05	18.81	19.10	18.45	18.90	7037711	264744736.00
2024-01-08	18.46	19.01	18.11	18.71	4185125	155347840.00
2024-01-09	18.58	19.33	18.06	18.06	5862514	219645536.00
2024-01-10	17.79	17.80	16.26	16.35	5483608	184657648.00
2024-01-11	16.26	16.78	15.91	16.73	3663165	120219528.00
2024-01-12	16.63	16.84	16.20	16.20	2599563	85356464.00
2024-01-15	16.20	16.20	15.66	15.81	2138542	67804408.00
2024-01-16	15.80	15.91	15.49	15.81	1959900	61349080.00
2024-01-17	15.79	15.83	15.25	15.25	1493929	46337868.00
2024-01-18	15.09	15.50	14.95	15.43	1790978	54475908.00
2024-01-19	15.43	15.48	14.99	15.01	1363158	41374232.00
2024-01-22	15.00	15.13	13.90	14.03	2572477	74822568.00
2024-01-23	14.01	14.36	13.76	14.25	1805515	51243256.00
2024-01-24	14.36	14.56	13.92	14.43	1748504	50039660.00
2024-01-25	14.30	14.83	14.26	14.79	1891905	55435732.00
2024-01-26	14.74	14.93	14.59	14.66	1473332	43539988.00
2024-01-29	14.81	14.92	14.30	14.30	1115239	32438830.00
2024-01-30	14.15	14.42	13.79	13.87	1183910	33315844.00
2024-01-31	13.70	13.95	12.85	12.87	1993608	53026800.00
2024-02-01	12.73	13.15	12.46	12.79	1574761	40468704.00
2024-02-02	12.93	13.27	11.74	12.20	1937854	48185820.00
2024-02-05	12.01	12.19	10.95	10.95	2400309	54387512.00
2024-02-06	10.47	11.62	9.94	11.18	2700721	58552036.00
2024-02-07	11.29	11.59	10.49	10.67	2715247	60571476.00
2024-02-08	10.67	11.76	10.43	11.76	3309087	74754712.00
2024-02-19	11.93	12.23	11.77	12.15	2985370	72234600.00
2024-02-20	12.10	12.54	11.83	12.54	2321561	56637968.00
2024-02-21	12.29	13.77	12.20	12.85	4313286	113552112.00
2024-02-22	12.69	13.30	12.60	13.23	2897346	75724192.00
2024-02-23	13.31	13.83	13.05	13.70	3517658	94510232.00
2024-02-26	13.70	14.22	13.62	13.83	3540518	98963560.00
2024-02-27	15.24	15.24	15.24	15.24	1606367	48978128.00
2024-02-28	16.80	16.80	15.25	16.34	12346117	402693952.00
2024-02-29	14.84	16.12	14.83	15.84	7862093	246288240.00
2024-03-01	15.61	15.92	15.05	15.16	5536902	170393184.00
2024-03-04	15.02	15.17	14.43	14.72	4773599	140558816.00
2024-03-05	14.54	14.78	14.31	14.36	3373999	97859392.00
2024-03-06	14.44	15.76	14.37	15.23	6352504	191390912.00
2024-03-07	15.05	15.70	14.99	15.10	4526100	138497088.00
2024-03-08	15.36	15.36	14.72	14.89	2548762	75936008.00
2024-03-11	14.99	15.41	14.75	15.11	2618712	78743424.00
2024-03-12	15.27	15.73	15.10	15.67	4855252	150003136.00
2024-03-13	15.65	16.09	15.36	15.55	5245233	165828096.00
2024-03-14	15.35	15.74	14.99	15.23	3825839	117138728.00
2024-03-15	15.15	15.75	15.11	15.64	3700433	114722824.00
2024-03-18	15.63	16.01	15.61	15.88	3603623	114039608.00
2024-03-19	15.80	16.56	15.66	16.25	5630397	182157392.00
2024-03-20	16.13	16.23	15.83	16.01	3256118	104035312.00
2024-03-21	16.02	16.20	15.57	15.97	3051919	96859568.00
2024-03-22	15.95	16.27	15.50	15.98	3278969	103687928.00
2024-03-25	15.98	17.60	15.72	16.55	7487245	248426992.00
2024-03-26	16.73	18.24	16.33	18.24	12869375	455981216.00
2024-03-27	18.00	18.00	16.39	16.62	10584924	359789824.00
2024-03-28	16.54	18.20	15.50	17.70	9380869	318888672.00
2024-03-29	19.13	19.15	17.80	17.87	12515442	459287488.00
2024-04-01	17.54	18.61	17.16	18.51	9086865	329739392.00
2024-04-02	18.25	18.56	17.67	17.90	6919159	249299872.00
2024-04-03	17.59	17.61	16.67	16.83	4435506	151350816.00
2024-04-08	16.61	16.75	15.78	15.85	3594880	116856872.00
2024-04-09	15.67	16.08	15.67	15.94	2231300	71081080.00
2024-04-10	15.95	16.01	14.81	15.25	3590817	109842768.00
2024-04-11	14.93	15.44	14.93	15.12	2208341	67167920.00
2024-04-12	15.11	15.40	15.09	15.09	1711989	52210848.00
2024-04-15	15.17	15.65	14.48	15.38	2751556	83951344.00
2024-04-16	15.39	15.49	13.81	13.81	3132818	89426960.00
2024-04-17	13.95	14.73	13.92	14.65	2470971	71589584.00
2024-04-18	14.55	15.20	14.39	14.90	2675609	79847888.00
2024-04-19	14.90	15.22	14.69	14.87	2036628	60736240.00
2024-04-22	14.81	14.96	14.20	14.41	1724793	50025952.00
2024-04-23	14.27	14.72	14.27	14.38	1747953	50781672.00
2024-04-24	14.42	14.99	14.42	14.99	2567073	76037056.00
2024-04-25	14.94	15.14	14.72	14.74	2425659	72508096.00
2024-04-26	15.09	15.58	14.92	15.30	3129646	95487976.00
2024-04-29	15.56	15.85	15.42	15.66	3060018	95812184.00
2024-04-30	15.81	15.92	15.37	15.44	3014923	93959584.00
2024-05-06	15.56	15.84	15.56	15.72	2320999	72954944.00
2024-05-07	15.72	15.79	15.46	15.58	1827739	57010932.00
2024-05-08	15.51	15.51	15.00	15.00	2278319	69382600.00
2024-05-09	14.94	15.44	14.93	15.34	2161123	66153088.00
2024-05-10	15.30	15.47	14.74	14.78	2241967	66907024.00
2024-05-13	14.53	14.73	14.21	14.30	2098310	60211072.00
2024-05-14	14.42	15.20	14.26	14.87	2738761	80713656.00
2024-05-15	14.83	14.84	14.45	14.51	1434481	41812236.00
2024-05-16	14.51	15.04	14.51	14.98	2261881	67470496.00
2024-05-17	14.95	14.99	14.79	14.92	1153829	34370216.00
2024-05-20	14.92	14.99	14.78	14.81	1305145	38795820.00
2024-05-21	14.95	14.96	14.46	14.59	1093209	31953574.00
2024-05-22	14.48	14.68	14.31	14.38	1463748	42285616.00
2024-05-23	14.25	14.64	14.16	14.34	1536863	44206304.00
2024-05-24	14.23	14.55	14.09	14.45	1460395	42132916.00
2024-05-27	14.40	14.60	14.21	14.60	1177565	33893180.00
2024-05-28	14.60	14.66	14.14	14.19	1078705	30879134.00
2024-05-29	14.18	14.53	14.18	14.41	935200	26963638.00
2024-05-30	14.42	14.72	14.35	14.60	1293600	37849960.00
2024-05-31	14.60	14.83	14.55	14.80	1271802	37547584.00
2024-06-03	14.83	15.00	14.59	14.68	1387300	41034896.00
2024-06-04	14.67	14.71	14.30	14.69	1193445	34574232.00
2024-06-05	14.59	14.78	14.37	14.41	782000	22836866.00
2024-06-06	14.50	14.56	13.76	14.13	1443287	40599556.00
2024-06-07	14.20	14.39	14.11	14.22	750713	21433442.00
2024-06-11	14.09	14.45	13.86	14.42	836118	23690142.00
2024-06-12	14.38	14.58	14.28	14.44	732849	21220764.00
2024-06-13	14.33	14.76	14.33	14.70	1287179	37678188.00
2024-06-14	14.66	14.66	14.33	14.51	869745	25233422.00
2024-06-17	14.50	14.67	14.38	14.60	761475	22255668.00
2024-06-18	14.60	14.85	14.58	14.81	1029592	30388212.00
2024-06-19	14.87	14.87	14.59	14.62	813005	23908950.00
2024-06-20	14.50	14.69	14.28	14.28	913616	26408108.00
2024-06-21	14.00	14.37	13.97	14.18	871111	24664368.00
2024-06-24	14.12	14.12	13.35	13.56	1250549	34159404.00
2024-06-25	13.53	13.94	13.44	13.68	893753	24635696.00
2024-06-26	13.58	14.23	13.53	14.21	1387825	38974956.00
2024-06-27	14.12	14.27	13.85	13.87	802142	22577074.00
2024-06-28	13.92	14.12	13.77	13.83	715194	20013086.00
2024-07-01	13.86	14.01	13.63	13.97	703000	19465812.00
2024-07-02	14.17	14.36	13.92	13.93	1099066	31093596.00
2024-07-03	13.88	14.31	13.84	13.88	800235	22469704.00
2024-07-04	13.79	13.99	13.46	13.51	836801	22982284.00
2024-07-05	13.46	13.69	13.06	13.42	847342	22499876.00
2024-07-08	13.33	13.45	13.16	13.21	607298	16178426.00
2024-07-09	13.23	13.26	12.63	13.22	1673252	30811472.00
2024-07-10	13.16	13.71	13.16	13.34	1788261	34179388.00
2024-07-11	13.56	13.68	13.44	13.66	1450943	27905136.00
2024-07-12	13.64	13.83	13.56	13.70	1113181	21516990.00
2024-07-15	14.21	14.49	13.52	13.76	2151511	42352532.00
2024-07-16	13.43	13.95	13.41	13.69	1322828	25564938.00
2024-07-17	13.64	13.74	13.32	13.32	1023456	19538074.00
2024-07-18	13.25	13.57	12.94	13.27	1170426	21838796.00
2024-07-19	13.27	13.51	13.14	13.34	833715	15761880.00
2024-07-22	13.29	13.53	13.29	13.36	719477	13604334.00
2024-07-23	13.30	13.44	13.07	13.07	1010029	19025066.00
2024-07-24	12.87	13.09	12.70	12.71	1091784	19856468.00
2024-07-25	12.71	12.90	12.43	12.82	764561	13777327.00
2024-07-26	12.82	13.24	12.82	13.24	1251731	23161676.00
2024-07-29	13.23	13.27	13.04	13.11	647540	12051373.00
2024-07-30	13.07	13.18	12.86	13.09	806540	14869163.00
2024-07-31	13.21	13.54	13.06	13.53	1448083	27416072.00
2024-08-01	13.54	13.66	13.44	13.53	1203490	23078836.00
2024-08-02	13.65	13.74	13.36	13.38	1648075	31624058.00
2024-08-05	12.86	13.16	12.52	12.54	2342635	42559120.00
2024-08-06	12.56	12.79	12.48	12.71	971969	17373822.00
2024-08-07	12.66	12.86	12.58	12.76	967187	17493352.00
2024-08-08	12.76	12.76	12.25	12.46	1141301	20095026.00
2024-08-09	12.57	12.64	12.44	12.45	606267	10737114.00
2024-08-12	12.38	12.41	12.22	12.29	801538	13957275.00
2024-08-13	12.29	12.38	12.16	12.36	983040	17090254.00
2024-08-14	12.38	12.43	12.29	12.40	656183	11500893.00
2024-08-15	12.40	12.54	12.23	12.45	898700	15817555.00
2024-08-16	12.45	12.50	12.35	12.36	932758	16425129.00
2024-08-19	12.36	12.41	12.26	12.27	816688	14260862.00
2024-08-20	12.18	12.32	12.02	12.07	736463	12619366.00
2024-08-21	12.12	12.19	11.91	11.95	738180	12570260.00
2024-08-22	12.05	12.49	11.57	11.68	1987372	33806176.00
2024-08-23	11.51	11.84	11.50	11.61	1376346	22721030.00
2024-08-26	11.58	11.86	11.58	11.84	1306599	21757438.00
2024-08-27	11.81	11.84	11.45	11.45	825943	13590054.00
2024-08-28	11.46	11.70	11.40	11.64	1052285	17274550.00
2024-08-29	11.63	11.88	11.51	11.84	897967	14970631.00
2024-08-30	12.01	12.18	11.86	12.09	1146508	19583262.00
2024-09-02	12.29	13.31	12.29	12.74	4766159	87011664.00
2024-09-03	12.59	12.95	12.44	12.78	3125838	56104640.00
2024-09-04	12.79	12.93	12.66	12.76	1788516	32364580.00
2024-09-05	12.76	12.91	12.76	12.85	1319515	23960674.00
2024-09-06	12.85	12.91	12.50	12.50	1485663	26660096.00
2024-09-09	12.44	12.63	12.23	12.49	976455	17244896.00
2024-09-10	12.58	12.61	12.37	12.60	787483	13958650.00
2024-09-11	12.48	12.69	12.48	12.55	592400	10563215.00
2024-09-12	12.49	12.62	12.29	12.29	712643	12606690.00
2024-09-13	12.26	12.37	11.95	11.96	943210	16212112.00
2024-09-18	11.94	12.13	11.71	11.93	805457	13588561.00
2024-09-19	11.96	12.21	11.89	12.19	986999	16918564.00
2024-09-20	12.21	12.33	12.00	12.07	678960	11626030.00
2024-09-23	12.07	12.17	11.89	12.02	716864	12236129.00
2024-09-24	12.02	12.27	11.84	12.25	1734007	29771172.00
2024-09-25	12.38	12.70	12.32	12.36	1864320	32971696.00
2024-09-26	12.34	12.78	12.29	12.77	1899797	33881224.00
2024-09-27	12.87	13.59	12.80	13.41	3479363	64915824.00
2024-09-30	13.83	14.69	13.49	14.55	5325377	106560464.00
2024-10-08	16.01	16.01	14.29	15.46	7384637	158223232.00
2024-10-09	14.86	14.86	13.94	13.94	4393749	89641328.00
2024-10-10	14.07	14.39	13.84	13.97	2646352	52815548.00
2024-10-11	13.84	14.03	13.16	13.39	2333250	44622188.00
2024-10-14	13.41	13.59	13.13	13.56	1961598	37179464.00
2024-10-15	13.46	13.69	13.18	13.21	2209054	41892612.00
2024-10-16	13.01	13.26	12.98	13.14	1523444	28244360.00
2024-10-17	13.16	13.36	12.95	12.97	1774602	33008592.00
2024-10-18	12.96	13.56	12.86	13.35	2527420	47297924.00
2024-10-21	13.39	13.54	13.25	13.29	3217360	60861160.00
2024-10-22	13.29	13.69	13.21	13.69	3236827	61970624.00
2024-10-23	13.77	13.91	13.57	13.77	3222458	62694180.00
2024-10-24	13.80	13.91	13.58	13.73	1921125	37312720.00
2024-10-25	14.04	14.07	13.79	13.83	2602737	51058420.00
2024-10-28	13.79	13.99	13.75	13.90	2435861	47789020.00
2024-10-29	13.94	13.96	13.59	13.62	2432421	47247260.00
2024-10-30	13.57	13.76	13.41	13.57	1855951	35641776.00
2024-10-31	13.52	13.77	13.43	13.61	2130506	41078832.00
2024-11-01	13.57	13.60	13.04	13.06	2560294	47876620.00
2024-11-04	13.36	14.38	13.14	14.38	7969547	158694336.00
2024-11-05	14.72	14.74	14.21	14.59	8897325	182889264.00
2024-11-06	14.59	14.98	14.39	14.56	6808682	140450592.00
2024-11-07	14.74	14.95	14.53	14.73	5907674	123053208.00
2024-11-08	14.74	15.19	14.59	14.73	5936444	124632544.00
2024-11-11	14.91	15.34	14.82	15.29	6548455	140022096.00
2024-11-12	15.43	15.43	14.71	14.86	5564670	118321288.00
2024-11-13	14.69	14.84	14.26	14.74	3607840	74129296.00
2024-11-14	14.74	14.74	14.15	14.21	2302020	46822080.00
2024-11-15	14.19	14.26	13.76	13.79	2727140	54104124.00
2024-11-18	13.94	14.12	13.36	13.57	2298682	44285412.00
2024-11-19	13.62	14.28	13.62	14.28	2785623	54933024.00
2024-11-20	14.21	14.79	14.08	14.74	4111145	84649848.00
2024-11-21	14.74	15.10	14.61	14.80	3821822	80045224.00
2024-11-22	14.81	15.21	14.22	14.24	4053240	84252896.00
2024-11-25	14.35	14.83	14.28	14.75	3307663	68216968.00
2024-11-26	14.64	14.80	14.39	14.50	2467580	50729420.00
2024-11-27	14.41	14.46	13.88	14.45	2196640	44062568.00
2024-11-28	14.50	14.59	14.24	14.31	1813720	36962204.00
2024-11-29	14.38	14.80	14.29	14.79	3338961	68908232.00
2024-12-02	15.21	15.23	14.83	14.95	3754192	79293256.00
2024-12-03	14.86	15.11	14.81	14.97	2821758	59645764.00
2024-12-04	14.81	15.96	14.72	15.41	7919074	171606480.00
2024-12-05	16.96	16.96	16.96	16.96	2489071	59613252.00
2024-12-06	17.19	17.71	16.26	16.43	14708044	347800896.00
2024-12-09	16.11	17.71	16.11	17.10	12312307	292037184.00
2024-12-10	17.14	17.43	16.64	16.75	10454361	251511072.00
2024-12-11	16.57	17.28	16.21	17.16	7872016	187578704.00
2024-12-12	17.14	18.29	16.71	16.96	7915919	192577056.00
2024-12-13	16.57	16.96	16.14	16.23	6008162	139379008.00
2024-12-16	16.21	16.41	15.75	15.84	3666370	82844568.00
2024-12-17	15.74	15.93	15.23	15.27	2918820	64139216.00
2024-12-18	15.42	15.56	15.01	15.37	2205109	47820000.00
2024-12-19	15.23	15.56	15.02	15.49	2151589	46658612.00
2024-12-20	15.51	15.79	15.44	15.59	2321000	51298944.00
2024-12-23	15.49	15.64	14.65	14.76	2771760	58918112.00
2024-12-24	14.76	15.14	14.69	14.95	1671380	35190492.00
2024-12-25	14.94	15.34	14.81	14.94	2205080	46861580.00
2024-12-26	14.97	15.99	14.79	15.69	4386753	96727776.00
2024-12-27	15.58	15.78	15.39	15.46	2667940	58320856.00
2024-12-30	15.29	15.54	14.95	15.27	1721351	37061736.00
2024-12-31	15.29	15.41	14.91	14.93	1657983	35164764.00
2025-01-02	14.79	15.16	14.25	14.43	2263478	46823072.00
2025-01-03	14.43	14.55	13.37	13.44	3069375	59842076.00
2025-01-06	13.47	13.72	12.94	13.46	1791179	33781600.00
2025-01-07	13.56	13.88	13.43	13.88	1458043	28024592.00
2025-01-08	13.88	13.94	13.30	13.79	1833600	35288628.00
2025-01-09	13.78	14.40	13.66	13.99	1963443	38673544.00
2025-01-10	13.99	14.57	13.97	13.98	2852497	57416164.00
2025-01-13	13.84	15.39	13.53	15.39	3703440	78230960.00
2025-01-14	15.88	16.93	15.58	16.21	13393667	306822240.00
2025-01-15	16.19	16.68	15.86	15.99	9507608	216013696.00
2025-01-16	15.92	16.09	15.43	15.62	6423954	142046144.00
2025-01-17	15.49	15.70	15.27	15.31	3829382	82996736.00
2025-01-20	15.47	15.84	15.29	15.84	5430456	119331360.00
2025-01-21	15.66	15.97	15.56	15.79	4095580	90658288.00
2025-01-22	15.69	16.41	15.56	16.04	6107663	138100288.00
2025-01-23	16.18	17.65	15.88	17.48	15627749	375183520.00
2025-01-24	17.47	19.24	16.94	19.24	21690952	565009152.00
2025-01-27	19.54	19.57	17.32	18.62	15842567	412587104.00
2025-02-05	19.09	19.21	17.83	18.65	9858460	257253568.00
2025-02-06	18.62	19.86	18.49	19.33	12563516	338405504.00
2025-02-07	18.93	19.20	18.04	18.49	14298890	374346720.00
2025-02-10	18.49	18.66	18.07	18.64	7564115	195816800.00
2025-02-11	18.48	18.91	18.24	18.81	7370692	192880880.00
2025-02-12	18.76	18.76	18.18	18.39	7606471	196819472.00
2025-02-13	18.20	18.57	17.56	17.91	8255976	208978672.00
2025-02-14	17.91	18.00	17.33	17.52	4324420	107093392.00
2025-02-17	17.49	17.71	17.16	17.59	5172840	126780640.00
2025-02-18	17.59	17.84	17.21	17.32	5601325	138212816.00
2025-02-19	17.32	18.26	17.21	18.14	8853480	223691536.00
2025-02-20	17.99	19.37	17.99	18.56	10134951	267498384.00
2025-02-21	18.63	18.99	18.30	18.68	6860871	179960336.00
2025-02-24	18.51	18.85	18.16	18.35	5733072	148006976.00
2025-02-25	18.30	18.75	18.09	18.44	4662869	120801664.00
2025-02-26	18.61	20.29	18.44	20.29	7057884	195097840.00
2025-02-27	20.87	21.11	19.93	20.39	17974745	519902048.00
2025-02-28	20.39	20.99	18.34	18.39	12730197	348662752.00
2025-03-03	18.21	18.71	17.64	17.77	9299423	235379616.00
2025-03-04	17.61	18.60	17.35	18.09	5680643	145225024.00
2025-03-05	18.13	19.90	17.96	19.90	9550947	253491280.00
2025-03-06	20.33	20.56	19.64	19.94	11996614	337820864.00
2025-03-07	19.94	20.86	19.54	20.48	12246832	349206592.00
2025-03-10	20.52	20.80	19.97	20.51	7380262	211744432.00
2025-03-11	20.07	22.56	20.03	22.56	14877941	444781024.00
2025-03-12	22.56	24.57	21.75	23.21	20222997	645274048.00
2025-03-13	22.64	23.36	20.89	20.89	14109403	429218496.00
2025-03-14	20.99	21.68	20.61	21.46	9135365	271638624.00
2025-03-17	21.36	22.90	21.04	22.74	11560211	360783360.00
2025-03-18	22.43	23.59	22.10	23.36	11582028	371553344.00
2025-03-19	23.29	23.47	22.45	22.63	7792632	249778336.00
2025-03-20	22.82	24.51	22.69	23.18	13851710	456804992.00
2025-03-21	22.47	22.76	21.13	21.16	9969229	305210976.00
2025-03-24	21.41	21.78	20.91	21.50	6699871	200734272.00
2025-03-25	21.43	22.65	21.33	22.39	8856193	275225088.00
2025-03-26	22.06	22.79	21.64	22.39	6852502	215505568.00
2025-03-27	21.97	22.07	20.64	21.00	6885905	207175776.00
2025-03-28	20.93	21.55	20.07	20.09	6748740	194797472.00
2025-03-31	19.86	20.02	18.86	19.71	5290440	143552192.00
2025-04-01	19.71	20.05	19.07	19.16	3430390	93516376.00
2025-04-02	19.16	19.68	19.04	19.59	3932483	107544168.00
2025-04-03	19.24	19.54	18.71	18.94	3869470	103967080.00
2025-04-07	17.04	17.04	17.04	17.04	669800	16048408.00
2025-04-08	15.71	16.01	15.33	15.33	5810260	126278392.00
2025-04-09	14.91	15.73	13.79	15.37	7540940	155208544.00
2025-04-10	15.89	16.31	15.50	16.02	8299458	186463296.00
2025-04-11	15.86	16.54	15.57	16.21	5799560	132016128.00
2025-04-14	16.51	16.97	16.30	16.49	5003538	116941592.00
2025-04-15	16.49	16.81	16.29	16.62	3760098	87592192.00
2025-04-16	16.46	16.60	15.72	15.93	3678300	83006016.00
2025-04-17	15.79	16.06	15.72	15.79	2890724	64748448.00
2025-04-18	15.68	16.46	15.68	16.22	4663680	105187352.00
2025-04-21	16.11	16.82	16.04	16.81	3395600	78793296.00
2025-04-22	16.81	17.23	16.70	16.94	4398040	104958208.00
2025-04-23	17.28	17.75	16.98	17.50	4845580	119072480.00
2025-04-24	17.51	17.61	17.23	17.36	3186660	77910352.00
2025-04-25	18.79	18.84	17.54	17.75	7910303	199480976.00
2025-04-28	17.42	17.80	17.29	17.32	3671800	90239568.00
2025-04-29	17.31	18.07	17.21	17.79	4360235	108822064.00
2025-04-30	17.82	18.84	17.64	18.54	5079621	130966712.00
2025-05-06	18.71	19.73	18.71	19.65	6022780	162942768.00
2025-05-07	19.86	20.20	19.52	19.77	5444135	151735840.00
2025-05-08	19.71	20.15	19.68	20.00	4135200	115757120.00
2025-05-09	19.90	20.28	19.43	19.95	4420440	123310664.00
2025-05-12	20.32	21.81	20.32	20.54	6187654	180577696.00
2025-05-13	20.79	20.79	20.00	20.11	4050360	115432056.00
2025-05-14	20.06	20.16	19.61	19.80	3362800	93627648.00
2025-05-15	19.73	20.26	19.31	19.86	3380060	93924568.00
2025-05-16	19.71	20.59	19.71	20.11	3676240	104817408.00
2025-05-19	20.13	20.34	19.43	19.71	3379534	93522192.00
2025-05-20	19.78	19.86	19.49	19.76	2168554	59969076.00
2025-05-21	19.71	19.88	19.33	19.58	1906740	52429324.00
2025-05-22	19.58	19.76	19.21	19.31	1966440	53782432.00
2025-05-23	19.31	20.09	19.21	19.39	3706427	102345896.00
2025-05-26	19.20	19.71	19.04	19.63	2462574	67585728.00
2025-05-27	19.63	19.82	19.09	19.36	1975860	53781944.00
2025-05-28	19.39	19.78	19.21	19.35	1796864	49114220.00
2025-05-29	19.37	20.48	19.22	19.84	5667901	159963936.00
2025-05-30	19.93	19.93	18.86	19.10	4154066	111899992.00
2025-06-03	19.12	19.64	19.04	19.38	3458300	93869440.00
2025-06-04	19.36	19.93	19.21	19.80	3513380	97169656.00
2025-06-05	19.61	20.20	19.51	20.13	3361200	94006936.00
2025-06-06	20.07	20.18	19.76	19.94	2218077	62048656.00
2025-06-09	20.06	20.11	19.85	19.99	1713620	48058260.00
2025-06-10	19.90	20.26	19.50	20.13	3432250	96224720.00
2025-06-11	20.29	20.54	19.91	19.94	3522260	99884032.00
2025-06-12	19.82	20.29	19.65	20.20	3502420	98853240.00
2025-06-13	20.02	20.15	19.36	19.44	3930101	108998376.00
2025-06-16	19.36	19.71	19.29	19.66	1697120	46556904.00
2025-06-17	19.60	19.85	19.14	19.35	2046103	55887020.00
2025-06-18	19.36	19.36	18.92	19.11	1742360	46728736.00
2025-06-19	19.11	19.40	18.73	18.81	1869200	50075532.00
2025-06-20	18.70	19.02	18.43	18.57	1405300	36836176.00
2025-06-23	18.39	19.12	18.39	19.00	1793520	47488644.00
2025-06-24	19.07	19.99	19.07	19.87	3510660	96913648.00
2025-06-25	19.83	20.06	19.70	19.87	3088931	86106672.00
2025-06-26	19.78	20.01	19.55	19.67	4107372	81393664.00
2025-06-27	20.00	20.95	19.70	20.16	13695201	277392160.00
2025-06-30	20.01	20.47	19.87	20.36	8057805	163022800.00
2025-07-01	20.29	20.40	19.90	20.09	5318648	106986352.00
2025-07-02	20.10	20.10	19.60	19.69	3913769	77366696.00
2025-07-03	19.69	20.03	19.58	19.73	2880492	56972620.00
2025-07-04	19.64	19.73	19.20	19.30	3764860	72910672.00
2025-07-07	19.16	19.59	18.96	19.55	3009400	58025112.00
2025-07-08	19.65	21.10	19.64	20.22	14767514	301772960.00
2025-07-09	20.42	21.11	20.27	20.68	16454031	340472608.00
2025-07-10	20.25	20.94	20.25	20.68	9002926	186815104.00
2025-07-11	20.68	21.09	20.48	20.75	7424085	153796480.00
2025-07-14	21.20	21.51	20.65	20.77	7243496	151478720.00
2025-07-15	20.65	20.85	20.20	20.41	5901630	120928240.00
2025-07-16	20.31	20.95	20.30	20.79	5870312	121579712.00
2025-07-17	20.75	21.04	20.50	20.92	6443639	134371968.00
2025-07-18	20.87	20.98	20.50	20.75	4236420	87733048.00
2025-07-21	20.75	20.90	20.66	20.79	4400792	91335696.00
2025-07-22	20.80	21.59	20.53	20.56	10281436	216047536.00
2025-07-23	20.37	20.48	19.95	20.16	5696348	114793648.00
2025-07-24	20.14	20.48	20.13	20.19	4248368	86051648.00
2025-07-25	20.19	20.25	20.00	20.15	3199045	64285620.00
2025-07-28	20.16	20.60	20.15	20.41	4419018	90035176.00
2025-07-29	20.46	20.46	19.80	19.92	5535111	110424320.00
2025-07-30	19.95	20.02	19.50	19.62	3444260	67900912.00
2025-07-31	19.55	19.85	19.37	19.41	3291245	64457220.00
2025-08-01	19.33	19.62	19.32	19.59	2255832	43983368.00
2025-08-04	19.47	20.27	19.47	20.25	5923300	118571864.00
2025-08-05	20.28	20.75	20.15	20.69	7083848	145684784.00
2025-08-06	20.68	21.45	20.49	21.35	9525205	201000096.00
2025-08-07	21.35	21.50	21.06	21.24	6372340	135326992.00
2025-08-08	21.20	21.26	20.90	21.00	4565544	95984072.00
2025-08-11	21.00	21.26	20.90	21.12	3902375	82486528.00
2025-08-12	21.14	21.21	20.93	21.07	3241170	68271576.00
2025-08-13	21.09	21.21	20.95	21.15	3526975	74478952.00
2025-08-14	21.23	21.29	20.54	20.66	4005280	83578032.00
2025-08-15	20.65	21.10	20.65	20.90	3612589	75573800.00
2025-08-18	20.90	21.33	20.90	21.21	4443075	94213344.00
2025-08-19	21.21	21.99	20.97	21.69	8127815	174622384.00
2025-08-20	21.68	21.94	21.50	21.80	5479982	119129504.00
2025-08-21	21.82	21.88	21.38	21.44	4255168	91687400.00
2025-08-22	21.43	21.62	21.22	21.36	3647033	77893888.00
2025-08-25	21.37	21.68	21.31	21.51	4826453	103725096.00
2025-08-26	21.49	21.64	21.30	21.44	3635287	78180384.00
2025-08-27	21.35	21.67	20.69	20.79	4567281	97263496.00
2025-08-28	20.75	21.08	19.76	20.58	5735158	116868904.00
2025-08-29	20.45	20.75	20.01	20.39	3283855	66849476.00
2025-09-01	20.35	20.47	20.10	20.23	3553701	71850456.00
2025-09-02	20.17	20.88	19.35	20.60	9379113	188327632.00
2025-09-03	20.60	22.45	19.91	20.05	9837015	204064640.00
2025-09-04	20.18	20.45	19.10	19.42	7232144	142676688.00
2025-09-05	19.63	20.37	19.40	20.36	7864434	158012512.00
2025-09-08	20.50	21.14	20.40	21.10	7678582	160437664.00
2025-09-09	21.09	21.09	20.63	20.83	4183567	87104528.00
2025-09-10	20.84	20.97	20.33	20.40	3566799	73371008.00
2025-09-11	20.38	20.67	20.01	20.65	3879911	79117720.00
2025-09-12	20.69	20.69	20.24	20.32	3407086	69530320.00
2025-09-15	20.30	21.37	20.30	20.72	7107022	148753376.00
2025-09-16	20.90	21.63	20.68	21.58	10632973	226319840.00
2025-09-17	21.80	22.56	21.34	22.50	18219587	402229920.00
2025-09-18	22.50	22.70	21.57	21.77	16342952	362352192.00
2025-09-19	21.60	21.77	21.02	21.17	8177821	174185952.00
2025-09-22	21.16	21.70	21.16	21.44	5804731	124733048.00
2025-09-23	21.55	22.15	21.28	21.75	9642900	208812432.00
2025-09-24	21.87	21.94	21.42	21.81	6250763	135602976.00
2025-09-25	21.82	21.87	21.25	21.33	5465795	117656576.00
2025-09-26	21.19	22.18	21.02	21.64	6790416	147443472.00
2025-09-29	21.55	22.42	21.20	22.01	8653161	190472704.00
2025-09-30	22.01	22.06	21.31	21.34	6256541	134545072.00
2025-10-23	25.18	25.18	25.18	25.18	0	0.00
数据来源:通达信
