301158 德石股份 日线 前复权
      日期	    开盘	    最高	    最低	    收盘	    成交量	    成交额
2022-01-17	25.20	28.00	25.11	25.69	23144990	624592960.00
2022-01-18	23.90	36.59	23.70	35.10	25471549	721862656.00
2022-01-19	31.60	32.80	27.38	27.75	21245286	651035456.00
2022-01-20	26.10	29.07	25.09	25.65	17182121	480463296.00
2022-01-21	24.18	24.93	21.81	21.98	14580861	354372672.00
2022-01-24	21.43	21.89	20.63	20.83	9901915	217967888.00
2022-01-25	20.60	21.51	19.85	21.15	10275601	220839936.00
2022-01-26	20.92	21.28	20.10	20.28	7726540	165253248.00
2022-01-27	20.19	20.28	17.98	17.98	9331097	184958976.00
2022-01-28	18.55	21.76	18.38	21.76	16535612	364365952.00
2022-02-07	25.10	26.29	25.10	26.29	10426655	281134496.00
2022-02-08	26.10	26.10	23.86	23.95	20670006	527228160.00
2022-02-09	23.10	24.67	22.81	24.48	16236994	402697568.00
2022-02-10	23.51	25.08	22.30	25.07	15382695	376018304.00
2022-02-11	25.80	29.10	25.60	26.08	21570571	598555776.00
2022-02-14	25.41	27.98	25.00	25.13	15123399	415428384.00
2022-02-15	24.32	26.87	23.63	26.63	13892615	361902848.00
2022-02-16	25.29	27.98	24.70	27.55	15880313	434353024.00
2022-02-17	26.78	29.10	26.25	27.60	16382733	466745920.00
2022-02-18	25.10	25.95	24.66	24.91	12299095	322943104.00
2022-02-21	24.90	25.17	23.98	24.72	9028979	229325968.00
2022-02-22	25.80	27.60	25.21	26.50	14647190	398629792.00
2022-02-23	24.87	25.59	24.48	25.10	10438942	270671904.00
2022-02-24	25.64	30.30	25.41	27.25	20706984	588886144.00
2022-02-25	25.65	28.80	25.18	26.93	16760646	465905152.00
2022-02-28	27.53	29.10	26.80	26.96	14012038	401643264.00
2022-03-01	25.95	27.85	25.60	27.85	11815041	325876160.00
2022-03-02	31.78	33.60	28.67	33.60	22988708	738383296.00
2022-03-03	36.13	40.50	35.98	40.50	14268765	570872256.00
2022-03-04	40.53	45.47	38.13	38.30	27455274	1144108544.00
2022-03-07	40.06	40.06	36.43	37.02	16280683	635533632.00
2022-03-08	34.15	36.68	31.60	36.13	17762546	618422656.00
2022-03-09	34.89	34.96	32.10	33.45	13145779	454101568.00
2022-03-10	31.17	34.36	31.17	33.31	13966771	469726720.00
2022-03-11	32.55	32.99	30.91	32.20	11427802	374716000.00
2022-03-14	30.62	31.48	29.00	29.38	11019140	342700160.00
2022-03-15	28.10	29.00	26.60	26.94	9434191	271907872.00
2022-03-16	27.32	27.60	25.70	27.21	7981288	220115888.00
2022-03-17	26.78	28.68	26.67	28.54	11534670	331418400.00
2022-03-18	29.56	30.37	28.27	29.00	13377227	403081248.00
2022-03-21	28.17	29.37	28.17	28.93	9989383	297016608.00
2022-03-22	29.79	30.76	29.28	30.13	13267091	409424992.00
2022-03-23	28.18	28.79	26.83	27.12	11365684	325207840.00
2022-03-24	27.96	28.32	26.13	26.35	9058396	254409344.00
2022-03-25	25.63	26.60	25.50	26.10	7785194	209704352.00
2022-03-28	25.10	25.54	24.05	25.37	6409100	164717696.00
2022-03-29	25.10	25.30	23.98	24.22	5152885	130921968.00
2022-03-30	23.90	24.49	23.90	24.43	3860916	96897952.00
2022-03-31	24.30	24.30	23.44	23.68	4585443	113349656.00
2022-04-01	23.65	23.93	23.05	23.32	3303920	80641440.00
2022-04-06	23.50	24.24	23.36	23.92	4203145	103744880.00
2022-04-07	23.39	23.58	22.60	22.73	3891055	92870016.00
2022-04-08	22.73	22.99	21.82	22.29	3107716	72271696.00
2022-04-11	22.22	22.60	20.95	21.28	3390184	76578328.00
2022-04-12	21.30	21.81	20.81	21.76	2664070	59303448.00
2022-04-13	22.06	23.40	21.99	22.07	7198446	168879424.00
2022-04-14	21.95	22.33	21.13	22.32	4889862	110711056.00
2022-04-15	22.41	23.30	22.28	22.53	5204746	122485968.00
2022-04-18	22.00	23.23	21.78	23.10	4966758	117515840.00
2022-04-19	23.10	25.18	22.92	24.37	9973894	249914896.00
2022-04-20	23.40	23.76	22.48	22.55	8803795	211427056.00
2022-04-21	22.00	22.38	20.47	20.64	6641209	147339424.00
2022-04-22	20.27	24.10	20.00	22.94	10269595	239099632.00
2022-04-25	22.29	22.56	19.68	19.70	7682419	168863872.00
2022-04-26	19.40	20.40	18.40	18.73	5272987	106649152.00
2022-04-27	18.14	19.50	17.76	19.50	5055598	98451880.00
2022-04-28	19.00	19.24	17.59	17.76	4854413	93133344.00
2022-04-29	18.10	19.20	18.01	18.81	4502931	88586272.00
2022-05-05	19.11	20.04	19.11	19.76	4034956	83006856.00
2022-05-06	19.20	21.34	19.05	20.41	5650157	120057128.00
2022-05-09	20.13	21.60	20.10	21.51	5740637	125091344.00
2022-05-10	20.11	21.33	20.11	21.22	5291903	114939168.00
2022-05-11	21.22	21.90	20.90	20.99	6042004	134460768.00
2022-05-12	20.98	22.09	20.60	21.20	5112981	113966760.00
2022-05-13	21.20	21.70	20.92	21.22	3447832	76769392.00
2022-05-16	21.66	21.80	20.91	21.17	3399464	75904536.00
2022-05-17	21.67	23.10	21.52	22.06	7649387	177348624.00
2022-05-18	21.35	22.90	20.43	22.65	7629088	172426416.00
2022-05-19	21.90	22.16	21.40	21.65	5014034	113449752.00
2022-05-20	21.72	21.82	21.09	21.14	3813487	84811104.00
2022-05-23	21.20	21.36	21.01	21.31	2507749	55431372.00
2022-05-24	21.12	21.29	19.40	19.43	4202600	89183024.00
2022-05-25	19.42	20.70	19.42	20.58	3580863	75993184.00
2022-05-26	20.58	20.79	20.13	20.44	2071795	44088724.00
2022-05-27	20.78	21.67	20.68	21.22	3826474	84063080.00
2022-05-30	21.32	21.52	20.38	21.33	2707781	58644560.00
2022-05-31	21.48	22.20	21.17	22.19	5880635	132681024.00
2022-06-01	21.72	22.10	21.27	21.64	4242596	95314376.00
2022-06-02	21.43	21.57	21.04	21.33	2638606	58361280.00
2022-06-06	21.90	22.25	21.62	22.00	4080788	92884056.00
2022-06-07	21.98	22.89	21.65	21.89	4966579	114022752.00
2022-06-08	21.89	22.62	21.43	22.24	4469389	102308496.00
2022-06-09	22.72	24.36	22.29	22.85	10676599	257002288.00
2022-06-10	22.20	23.72	22.07	23.03	7374532	175447584.00
2022-06-13	22.57	23.51	22.15	22.50	5704489	134223936.00
2022-06-14	22.37	24.10	21.82	23.67	9524180	227671904.00
2022-06-15	23.27	23.54	22.55	23.45	9137124	216770096.00
2022-06-16	23.00	23.06	22.15	22.31	6795196	158712800.00
2022-06-17	21.97	22.12	21.07	21.55	5625807	125699248.00
2022-06-20	21.02	21.31	20.72	20.83	5558138	120597232.00
2022-06-21	20.70	21.02	20.39	20.71	3483389	75114832.00
2022-06-22	20.77	20.84	19.80	19.85	3909934	81965216.00
2022-06-23	19.88	21.92	19.85	21.20	6507444	140906832.00
2022-06-24	21.64	22.08	20.83	21.07	5330804	117739184.00
2022-06-27	20.72	21.34	20.61	20.61	3873806	83646632.00
2022-06-28	20.81	21.29	20.81	21.05	3739077	81467552.00
2022-06-29	20.92	21.04	20.12	20.17	3877616	82441688.00
2022-06-30	20.22	20.31	19.92	20.07	2384656	49671136.00
2022-07-01	19.90	20.23	19.53	19.94	2080896	42999420.00
2022-07-04	19.95	20.37	19.73	20.32	2248335	47100436.00
2022-07-05	20.36	20.36	19.73	19.92	1877502	38941988.00
2022-07-06	19.52	19.53	19.08	19.18	2656340	53227820.00
2022-07-07	19.12	19.31	18.99	19.15	1376178	27396722.00
2022-07-08	19.32	19.49	19.14	19.14	1536165	30891114.00
2022-07-11	19.22	19.41	18.54	18.66	1720185	33590432.00
2022-07-12	18.67	19.05	18.36	18.78	1605815	31160366.00
2022-07-13	18.52	18.78	18.35	18.76	1184465	22945544.00
2022-07-14	18.82	19.02	18.60	18.79	1537661	30122008.00
2022-07-15	18.66	19.31	18.32	19.06	2698131	53035816.00
2022-07-18	18.76	19.71	18.52	19.65	4076152	82094016.00
2022-07-19	19.69	19.73	19.30	19.48	2368677	47956264.00
2022-07-20	19.49	19.70	19.37	19.58	2481799	50385324.00
2022-07-21	19.55	19.65	19.32	19.36	1620365	32771168.00
2022-07-22	19.44	19.49	19.02	19.16	1486985	29734918.00
2022-07-25	19.07	19.42	18.82	18.93	1222451	24269188.00
2022-07-26	19.29	19.41	18.78	19.05	1541126	30520478.00
2022-07-27	19.05	19.62	18.94	19.40	2412115	48540268.00
2022-07-28	19.42	19.88	19.22	19.67	2982632	60824660.00
2022-07-29	19.67	19.67	19.10	19.13	2152034	43199324.00
2022-08-01	19.21	19.92	19.07	19.80	3557933	72536744.00
2022-08-02	19.55	19.64	17.82	18.18	4483822	86327608.00
2022-08-03	18.17	19.30	18.17	18.58	3831587	75226808.00
2022-08-04	18.81	19.02	18.48	18.82	1717915	33496034.00
2022-08-05	18.79	19.01	18.72	18.98	1683249	33078912.00
2022-08-08	18.82	19.62	18.72	19.62	2207777	44258896.00
2022-08-09	19.53	19.80	19.40	19.64	2002443	40769584.00
2022-08-10	19.45	19.95	19.44	19.81	2843399	58450100.00
2022-08-11	19.77	20.03	19.69	19.81	2198413	45333544.00
2022-08-12	19.86	21.15	19.73	20.60	7486932	160091296.00
2022-08-15	20.21	21.10	19.92	20.67	6013153	127563336.00
2022-08-16	20.52	20.69	20.17	20.25	3535900	74686328.00
2022-08-17	20.27	20.40	19.94	20.05	2231013	46597368.00
2022-08-18	20.04	20.13	19.71	20.00	2090026	43299996.00
2022-08-19	20.20	20.58	19.63	19.63	2178141	45181908.00
2022-08-22	19.86	19.86	19.30	19.72	1361073	27574106.00
2022-08-23	19.58	20.44	19.42	20.30	3607252	75264184.00
2022-08-24	20.17	20.50	19.63	19.80	3391876	70642624.00
2022-08-25	19.92	23.92	19.92	23.36	18727460	426343968.00
2022-08-26	22.21	22.21	20.92	21.07	13392182	297342432.00
2022-08-29	20.52	21.65	20.48	21.60	8866871	195844336.00
2022-08-30	21.37	22.00	20.50	21.00	6993199	152394480.00
2022-08-31	20.52	20.67	18.99	19.01	7281974	147420416.00
2022-09-01	18.81	19.72	18.72	19.10	4718556	94228032.00
2022-09-02	19.13	19.62	18.86	19.38	3379496	67757512.00
2022-09-05	19.58	20.66	19.58	20.48	6213193	130793632.00
2022-09-06	20.47	20.55	19.92	20.18	4225864	88525184.00
2022-09-07	20.29	20.86	20.22	20.82	6282720	134548816.00
2022-09-08	20.42	20.56	19.98	19.98	4486645	94148040.00
2022-09-09	20.12	20.21	19.17	19.27	4378057	88423072.00
2022-09-13	19.72	20.38	19.45	19.69	3907614	80434088.00
2022-09-14	19.22	20.90	19.12	20.36	6970592	146958336.00
2022-09-15	20.59	20.72	19.37	19.66	5116970	105514112.00
2022-09-16	19.39	19.51	18.12	18.41	4694548	91128752.00
2022-09-19	18.35	18.55	17.32	17.46	3464853	64244364.00
2022-09-20	17.80	18.74	17.64	18.71	4754196	91047832.00
2022-09-21	18.61	19.18	18.11	18.92	3410433	66263096.00
2022-09-22	18.50	18.97	18.50	18.70	2151572	42057612.00
2022-09-23	18.84	18.97	17.97	18.08	2193773	41790940.00
2022-09-26	17.60	17.89	17.00	17.19	2947320	53451360.00
2022-09-27	17.26	17.46	16.70	17.30	2427230	43131884.00
2022-09-28	17.54	18.03	16.71	16.72	3259516	58789568.00
2022-09-29	17.27	17.68	16.39	16.44	2825837	49754516.00
2022-09-30	16.38	16.71	16.11	16.11	2089921	35749648.00
2022-10-10	16.83	17.31	16.55	16.63	4084340	72382880.00
2022-10-11	16.77	16.87	16.02	16.36	2524266	43188464.00
2022-10-12	16.22	16.66	15.71	16.61	2633736	44556072.00
2022-10-13	16.33	17.01	16.31	16.82	3517091	61350260.00
2022-10-14	16.83	17.15	16.83	16.98	2443612	43450588.00
2022-10-17	16.72	17.30	16.72	17.28	2568568	45932540.00
2022-10-18	17.28	17.29	16.97	17.03	2036768	36369280.00
2022-10-19	16.92	16.99	16.62	16.62	2025910	35526188.00
2022-10-20	16.62	17.18	16.62	16.74	2822276	49942156.00
2022-10-21	16.74	16.96	16.23	16.30	2115569	36446072.00
2022-10-24	16.32	16.58	15.80	15.94	2633137	44803840.00
2022-10-25	16.11	16.11	15.30	15.68	2460824	40372508.00
2022-10-26	15.73	16.20	15.72	16.08	1871836	31396270.00
2022-10-27	16.17	16.47	15.81	15.85	1673558	28201944.00
2022-10-28	15.87	15.92	15.03	15.10	2139545	34607004.00
2022-10-31	15.27	15.84	15.12	15.55	2507139	40994780.00
2022-11-01	15.55	16.09	15.52	16.06	2079775	34662048.00
2022-11-02	16.22	16.30	16.01	16.27	2161077	36659268.00
2022-11-03	16.20	16.66	15.92	16.57	2590765	44676556.00
2022-11-04	16.54	16.78	16.42	16.68	2057427	35890248.00
2022-11-07	16.69	17.09	16.69	17.00	2404269	42540888.00
2022-11-08	16.93	17.18	16.74	16.96	1736318	30793644.00
2022-11-09	16.89	17.17	16.82	17.06	1456739	25892110.00
2022-11-10	16.85	17.03	16.73	16.89	1633754	28801128.00
2022-11-11	17.08	17.21	16.90	16.92	2245838	40091492.00
2022-11-14	16.94	17.37	16.67	17.07	2242728	39956356.00
2022-11-15	16.94	17.24	16.94	17.21	1781067	31968570.00
2022-11-16	17.23	18.29	17.22	17.92	5247380	97185144.00
2022-11-17	17.69	17.77	17.32	17.55	3477006	63660536.00
2022-11-18	17.61	17.80	17.11	17.24	3358693	60952140.00
2022-11-21	17.09	17.95	16.87	17.65	3615644	66007064.00
2022-11-22	17.42	17.81	17.15	17.33	2259419	41290260.00
2022-11-23	17.32	17.70	16.92	17.36	2620002	47320352.00
2022-11-24	17.37	18.22	17.06	18.07	6383040	118648600.00
2022-11-25	17.90	17.90	17.16	17.27	4749106	86468944.00
2022-11-28	16.93	18.42	16.79	18.12	7576154	142052928.00
2022-11-29	18.05	18.12	17.84	18.12	4441775	83374760.00
2022-11-30	17.86	18.48	17.65	17.79	4862302	91268344.00
2022-12-01	17.79	17.95	17.42	17.43	3940230	72495112.00
2022-12-02	17.52	17.79	17.42	17.74	2668999	49103404.00
2022-12-05	17.65	17.74	17.30	17.42	2644979	48302952.00
2022-12-06	17.39	17.40	16.82	16.88	2900450	51560240.00
2022-12-07	16.77	16.98	16.49	16.61	2208679	38685672.00
2022-12-08	16.60	16.69	16.47	16.55	1477656	25636378.00
2022-12-09	16.63	16.72	16.33	16.38	1488651	25598278.00
2022-12-12	16.28	16.51	16.28	16.41	1150927	19779076.00
2022-12-13	16.45	16.58	16.29	16.30	1407717	24257908.00
2022-12-14	16.30	16.52	16.26	16.33	1026367	17574372.00
2022-12-15	16.34	16.50	16.27	16.35	1005558	17228976.00
2022-12-16	16.27	16.35	15.72	15.73	1893781	31538850.00
2022-12-19	15.73	15.80	15.38	15.42	1179395	19237886.00
2022-12-20	15.39	15.62	15.35	15.58	906567	14761708.00
2022-12-21	15.58	15.59	15.17	15.22	1154377	18606016.00
2022-12-22	15.32	15.36	15.04	15.08	933439	14879326.00
2022-12-23	15.02	15.20	14.88	15.03	825198	13052483.00
2022-12-26	15.18	15.40	15.03	15.34	902180	14494282.00
2022-12-27	15.32	15.40	15.26	15.37	850098	13697785.00
2022-12-28	15.40	15.47	14.99	15.08	939437	14920862.00
2022-12-29	14.93	15.30	14.93	15.09	815643	13007032.00
2022-12-30	15.11	15.16	15.01	15.07	544303	8625064.00
2023-01-03	15.17	15.53	15.07	15.47	1103147	17803046.00
2023-01-04	15.41	15.54	15.30	15.46	749145	12165948.00
2023-01-05	15.46	15.53	15.35	15.50	693055	11262401.00
2023-01-06	15.44	15.57	15.39	15.52	940840	15309754.00
2023-01-09	15.55	15.59	15.44	15.52	798915	13021892.00
2023-01-10	15.61	15.61	15.32	15.33	753979	12191199.00
2023-01-11	15.36	15.55	15.17	15.17	846500	13645880.00
2023-01-12	15.10	15.32	15.03	15.08	748600	11901509.00
2023-01-13	15.21	15.22	14.89	15.05	828960	13148114.00
2023-01-16	15.05	15.39	15.05	15.31	1003700	16084747.00
2023-01-17	14.90	16.12	14.37	15.69	6396304	102433024.00
2023-01-18	15.52	15.72	15.40	15.50	3055580	49774136.00
2023-01-19	15.58	15.59	15.32	15.44	1870809	30285462.00
2023-01-20	15.50	15.68	15.47	15.66	2064608	33771472.00
2023-01-30	15.87	15.93	15.73	15.75	2643495	43855396.00
2023-01-31	15.75	15.89	15.61	15.89	2158432	35816660.00
2023-02-01	15.92	16.16	15.86	16.16	2853764	47922940.00
2023-02-02	16.15	16.16	16.01	16.04	1927873	32489790.00
2023-02-03	16.02	16.38	15.74	16.22	3710527	62523584.00
2023-02-06	16.29	16.31	16.00	16.11	2019972	34164764.00
2023-02-07	16.11	16.22	16.03	16.19	1838104	31069428.00
2023-02-08	16.18	16.49	16.12	16.30	3263434	55947708.00
2023-02-09	16.22	16.42	16.07	16.38	2448479	41776552.00
2023-02-10	16.35	16.55	16.29	16.52	2357739	40642704.00
2023-02-13	16.55	16.79	16.41	16.75	2883691	50082516.00
2023-02-14	16.79	18.10	16.64	17.40	8095073	147527424.00
2023-02-15	17.22	17.25	16.99	17.22	4336284	77485376.00
2023-02-16	17.10	17.19	16.20	16.36	4350568	76133704.00
2023-02-17	16.36	16.53	16.22	16.30	2114066	36228076.00
2023-02-20	16.33	16.44	16.05	16.42	1917931	32691868.00
2023-02-21	16.41	16.51	16.30	16.41	1482586	25453472.00
2023-02-22	16.33	16.52	16.30	16.40	1209568	20799972.00
2023-02-23	16.41	16.53	16.17	16.22	1872462	32046754.00
2023-02-24	16.22	16.29	16.00	16.09	1529962	25856690.00
2023-02-27	16.07	16.21	15.70	15.73	1949466	32512928.00
2023-02-28	15.75	15.98	15.75	15.96	1330144	22181056.00
2023-03-01	16.02	16.12	15.92	16.10	1175266	19764686.00
2023-03-02	16.10	16.38	16.07	16.18	1828662	31137580.00
2023-03-03	16.18	16.30	15.99	16.05	1109800	18738540.00
2023-03-06	16.19	16.34	16.08	16.30	1553933	26442324.00
2023-03-07	16.32	16.95	16.17	16.55	6063431	105730312.00
2023-03-08	16.26	16.52	16.02	16.52	3616844	61822392.00
2023-03-09	16.48	16.89	16.44	16.83	4011826	70005176.00
2023-03-10	16.75	16.90	16.40	16.47	3049375	53148788.00
2023-03-13	17.82	19.02	17.26	17.31	14928423	283171776.00
2023-03-14	16.70	17.10	16.11	16.43	10069662	174847936.00
2023-03-15	16.25	17.94	16.25	17.22	10749740	192906496.00
2023-03-16	17.30	17.62	16.72	17.03	7846756	140441760.00
2023-03-17	16.87	17.84	16.62	17.82	10699506	195154320.00
2023-03-20	18.82	19.72	18.12	18.30	19173283	376378016.00
2023-03-21	18.45	18.90	17.77	18.66	11763511	224536224.00
2023-03-22	18.23	18.32	17.58	17.68	10885305	202837328.00
2023-03-23	17.73	17.89	17.34	17.65	6523009	119961216.00
2023-03-24	17.58	17.58	17.06	17.21	5238431	94151096.00
2023-03-27	17.24	17.40	17.00	17.34	4088146	73705160.00
2023-03-28	17.70	18.01	17.42	17.47	6833555	126562296.00
2023-03-29	17.36	17.58	16.58	16.72	5822555	102791792.00
2023-03-30	16.81	16.81	16.27	16.42	3480772	59896460.00
2023-03-31	16.39	16.67	16.39	16.61	2451573	42446072.00
2023-04-03	16.72	16.92	16.52	16.70	3497122	61175092.00
2023-04-04	16.60	16.87	16.33	16.33	3875897	66829388.00
2023-04-06	16.32	16.32	15.85	15.95	3635204	60891484.00
2023-04-07	16.02	16.14	15.93	16.13	1998379	33666684.00
2023-04-10	16.02	16.12	15.69	15.78	2512927	41824328.00
2023-04-11	15.77	15.83	15.55	15.68	1695776	27888386.00
2023-04-12	16.29	17.13	16.28	16.52	7197633	125500296.00
2023-04-13	16.41	17.02	16.35	16.48	5571860	97229616.00
2023-04-14	16.45	16.77	16.29	16.71	3948426	68315088.00
2023-04-17	16.74	17.37	16.53	17.30	7507957	133926304.00
2023-04-18	17.29	17.30	16.76	16.99	4247328	75173152.00
2023-04-19	16.99	17.01	16.56	16.60	3648688	63654256.00
2023-04-20	16.69	17.17	16.47	17.16	4602429	81262944.00
2023-04-21	16.95	17.47	16.68	16.71	4733416	84342616.00
2023-04-24	17.15	17.33	16.82	17.06	4201558	75162456.00
2023-04-25	16.93	17.91	16.93	17.85	8944885	164126672.00
2023-04-26	17.49	17.96	17.40	17.87	6436603	118891408.00
2023-04-27	17.94	17.96	17.17	17.32	5522029	100550784.00
2023-04-28	17.32	17.81	17.27	17.74	4939534	91033208.00
2023-05-04	17.60	17.66	16.88	17.09	4953716	88560808.00
2023-05-05	16.97	16.98	15.96	16.06	5897015	100762392.00
2023-05-08	15.97	16.66	15.97	16.43	3763690	64807844.00
2023-05-09	16.32	16.62	15.94	16.06	3958355	66999932.00
2023-05-10	15.89	15.94	15.48	15.70	3453954	56741636.00
2023-05-11	15.80	15.89	15.62	15.87	2069086	34241496.00
2023-05-12	16.22	16.46	15.88	15.91	2763174	46697112.00
2023-05-15	15.74	16.15	15.58	16.13	2460104	40865084.00
2023-05-16	15.98	16.10	15.92	15.96	1482966	24885380.00
2023-05-17	15.81	16.18	15.79	16.14	1564036	26372900.00
2023-05-18	16.14	16.38	16.07	16.30	2199502	37436372.00
2023-05-19	16.26	16.32	15.94	16.18	1694646	28669466.00
2023-05-22	16.16	16.21	16.00	16.20	1507904	25463870.00
2023-05-23	16.20	16.50	16.11	16.28	2455222	42014784.00
2023-05-24	16.30	17.38	16.13	17.01	5349612	93736416.00
2023-05-25	16.82	18.64	16.72	17.51	9068657	165592128.00
2023-05-26	17.20	17.22	16.85	17.10	5547675	98928336.00
2023-05-29	17.03	17.47	16.81	17.21	4255388	76290288.00
2023-05-30	17.00	17.09	16.68	16.90	3016362	53228084.00
2023-05-31	16.76	16.89	16.50	16.52	2777879	47899884.00
2023-06-01	16.41	16.64	16.34	16.41	2169108	37072336.00
2023-06-02	16.45	16.73	16.45	16.63	2063949	35528860.00
2023-06-05	16.63	16.92	16.59	16.69	1918125	33259768.00
2023-06-06	16.75	16.82	16.13	16.15	2476807	42159228.00
2023-06-07	16.01	16.29	15.98	16.18	1522397	25543624.00
2023-06-08	16.09	16.32	16.04	16.18	1368597	23027974.00
2023-06-09	16.25	16.30	15.89	16.30	1908800	31910488.00
2023-06-12	16.38	16.38	16.16	16.30	1417566	23943104.00
2023-06-13	16.28	16.66	16.23	16.60	2208335	37789552.00
2023-06-14	16.63	16.82	16.47	16.78	2465679	42602132.00
2023-06-15	16.80	16.87	16.55	16.64	1962866	33929592.00
2023-06-16	16.68	16.86	16.63	16.68	2037469	35308084.00
2023-06-19	16.61	16.63	16.38	16.51	2078210	35596356.00
2023-06-20	16.52	16.57	16.14	16.15	2025700	34200616.00
2023-06-21	16.16	16.33	15.95	15.95	1735688	29112172.00
2023-06-26	15.82	16.12	15.79	15.84	1536468	25453224.00
2023-06-27	15.91	16.31	15.85	16.24	1862898	31321832.00
2023-06-28	16.24	16.24	15.78	16.09	1641838	27243622.00
2023-06-29	16.09	16.44	16.03	16.33	1710372	28993588.00
2023-06-30	16.26	16.78	16.26	16.69	2777824	48007096.00
2023-07-03	16.70	17.18	16.70	16.92	3128690	55105164.00
2023-07-04	16.84	17.17	16.84	17.08	2467697	43563852.00
2023-07-05	17.07	17.23	16.95	17.10	2487517	44080952.00
2023-07-06	17.02	17.16	16.89	16.91	2046367	36015876.00
2023-07-07	17.03	17.04	16.69	16.97	1557166	27311806.00
2023-07-10	16.94	17.03	16.70	16.82	1155899	20189810.00
2023-07-11	16.93	17.02	16.80	17.01	1035129	18164810.00
2023-07-12	17.02	17.26	16.88	16.95	2062850	36522096.00
2023-07-13	16.88	17.18	16.88	17.10	1638114	29031160.00
2023-07-14	17.08	17.46	16.95	17.28	3232531	57929100.00
2023-07-17	17.23	17.41	17.05	17.41	2215600	39561280.00
2023-07-18	17.40	17.40	17.13	17.21	1582100	28262270.00
2023-07-19	17.19	17.33	17.00	17.14	1263472	22452548.00
2023-07-20	17.23	17.24	16.92	16.93	1588098	28078648.00
2023-07-21	16.92	17.05	16.69	16.70	1279105	22348154.00
2023-07-24	16.70	16.91	16.58	16.77	1008072	17555082.00
2023-07-25	16.86	17.16	16.86	17.16	1755858	31013154.00
2023-07-26	17.16	17.32	17.01	17.25	1831200	32575568.00
2023-07-27	17.23	17.65	17.15	17.63	5241254	95110352.00
2023-07-28	17.56	17.93	17.10	17.65	6421145	116477784.00
2023-07-31	17.65	17.66	17.26	17.53	4240743	76589000.00
2023-08-01	17.49	18.27	17.46	17.74	6501669	120043848.00
2023-08-02	17.58	17.87	17.29	17.73	3847060	70118968.00
2023-08-03	17.54	18.04	17.43	17.95	4987804	92012872.00
2023-08-04	17.90	17.90	17.13	17.15	6440477	116354792.00
2023-08-07	17.03	17.45	16.99	17.15	3102744	55300092.00
2023-08-08	17.10	17.28	17.02	17.21	2354163	41811688.00
2023-08-09	17.21	17.22	16.49	16.78	3618464	62720748.00
2023-08-10	16.91	17.87	16.79	17.79	9442146	172148848.00
2023-08-11	17.38	17.48	16.80	16.89	7402235	131190744.00
2023-08-14	16.68	16.86	16.31	16.55	4073898	69928040.00
2023-08-15	16.38	16.49	16.14	16.28	2409403	40647208.00
2023-08-16	16.18	16.51	16.14	16.32	1844363	31322456.00
2023-08-17	16.27	16.72	15.90	16.69	3000127	51195476.00
2023-08-18	16.61	17.86	16.61	17.38	9750606	176076944.00
2023-08-21	17.23	17.74	17.23	17.47	5076273	91671528.00
2023-08-22	17.30	17.65	16.99	17.44	4489320	80471272.00
2023-08-23	17.31	17.86	17.19	17.73	9494017	173754032.00
2023-08-24	17.56	18.46	17.18	18.06	12955664	239833312.00
2023-08-25	17.82	17.98	17.38	17.58	8471122	154704304.00
2023-08-28	18.48	18.56	17.46	17.66	8189360	150722000.00
2023-08-29	17.66	18.37	17.51	18.34	11461188	214819952.00
2023-08-30	18.11	18.24	17.74	17.88	6983022	129945592.00
2023-08-31	17.78	17.84	17.31	17.39	5795962	104906544.00
2023-09-01	17.58	18.87	17.57	18.64	18293486	348589856.00
2023-09-04	18.49	19.57	18.39	18.57	19864631	388948192.00
2023-09-05	18.58	18.67	17.79	17.96	11860904	222418352.00
2023-09-06	18.14	19.04	18.00	18.08	9897439	187475456.00
2023-09-07	17.71	17.78	17.04	17.04	10729982	192552352.00
2023-09-08	16.91	17.34	16.79	17.20	5699900	100700592.00
2023-09-11	17.16	17.93	16.93	17.74	7109250	128897128.00
2023-09-12	17.58	17.80	17.38	17.45	4199967	76286432.00
2023-09-13	17.51	18.13	17.51	17.75	5939833	109320064.00
2023-09-14	17.68	18.27	17.49	18.08	7021960	130460672.00
2023-09-15	17.90	18.41	17.90	18.14	6753633	126915592.00
2023-09-18	17.83	18.18	17.65	18.00	4420313	82068264.00
2023-09-19	18.03	18.76	17.95	18.61	11225871	214734384.00
2023-09-20	18.28	18.31	17.81	17.94	7160040	133719936.00
2023-09-21	17.66	17.94	17.22	17.37	5264662	95586824.00
2023-09-22	17.38	17.77	17.38	17.73	4121332	75148544.00
2023-09-25	17.77	18.44	17.64	18.06	6007510	112675088.00
2023-09-26	17.93	19.26	17.81	18.97	15684364	304114560.00
2023-09-27	19.01	21.04	19.01	20.02	26370010	546106496.00
2023-09-28	20.08	21.27	19.59	20.22	21273000	445774688.00
2023-10-09	19.90	20.58	19.53	19.86	15784424	324723648.00
2023-10-10	19.85	20.83	19.18	19.27	17980364	369614272.00
2023-10-11	19.04	19.25	18.17	18.70	13761324	263890144.00
2023-10-12	18.46	18.67	17.91	18.08	10232954	191806112.00
2023-10-13	18.06	18.23	17.88	18.03	8380571	156632208.00
2023-10-16	18.18	19.88	18.18	19.54	17731881	350093568.00
2023-10-17	18.93	19.37	18.58	19.17	11595199	226476480.00
2023-10-18	19.10	19.66	18.74	18.79	7998122	157032256.00
2023-10-19	18.53	18.76	17.58	17.70	9677137	180224928.00
2023-10-20	17.81	18.08	17.06	17.09	7455868	134267072.00
2023-10-23	16.88	16.90	15.77	16.01	8092992	135381344.00
2023-10-24	15.97	16.32	15.88	16.26	4206003	70558512.00
2023-10-25	16.27	16.94	16.27	16.81	5998341	103507208.00
2023-10-26	16.73	16.73	16.20	16.58	4216517	71904720.00
2023-10-27	16.38	16.96	16.29	16.88	4540783	78625536.00
2023-10-30	16.64	17.03	16.56	16.95	4176481	73077168.00
2023-10-31	16.95	17.02	16.58	16.71	3820901	66253220.00
2023-11-01	16.88	16.96	16.68	16.73	2782277	48456980.00
2023-11-02	16.69	16.85	16.33	16.33	3311927	56757448.00
2023-11-03	16.43	16.64	16.41	16.61	3306819	56777536.00
2023-11-06	16.59	16.83	16.57	16.83	4093965	71134256.00
2023-11-07	16.76	16.94	16.60	16.86	4265633	74081312.00
2023-11-08	16.78	16.80	16.57	16.71	3967635	68633936.00
2023-11-09	16.64	16.81	16.48	16.57	3350575	57794224.00
2023-11-10	16.46	16.65	16.35	16.62	2663037	45634720.00
2023-11-13	16.54	16.78	16.54	16.77	3080933	53466912.00
2023-11-14	16.78	16.85	16.59	16.83	3528866	61294132.00
2023-11-15	16.88	17.07	16.76	17.00	4251889	74640600.00
2023-11-16	16.99	17.13	16.80	16.82	3316647	58113484.00
2023-11-17	16.77	16.80	16.62	16.75	2543338	44066764.00
2023-11-20	16.91	17.02	16.74	16.98	3346179	58637496.00
2023-11-21	16.94	17.11	16.80	16.83	3456680	60717420.00
2023-11-22	16.82	16.85	16.48	16.53	3571600	61553612.00
2023-11-23	16.53	16.77	16.48	16.73	2449600	42394248.00
2023-11-24	16.74	16.76	16.26	16.43	3150900	53717124.00
2023-11-27	16.30	16.53	16.30	16.39	1699906	28932852.00
2023-11-28	16.43	16.61	16.24	16.56	1819802	31154808.00
2023-11-29	16.56	16.72	16.39	16.45	1822365	31315296.00
2023-11-30	16.40	16.58	16.24	16.42	1977300	33618008.00
2023-12-01	16.48	16.48	16.21	16.36	1855441	31381196.00
2023-12-04	16.34	16.46	16.27	16.32	1336700	22697200.00
2023-12-05	16.25	16.33	15.96	15.97	1861100	31125372.00
2023-12-06	15.91	16.17	15.91	16.08	1256742	20998124.00
2023-12-07	16.03	16.10	15.88	15.98	1443279	23934622.00
2023-12-08	15.98	16.10	15.59	15.59	2497208	40961916.00
2023-12-11	15.48	15.80	15.38	15.70	1636500	26599868.00
2023-12-12	15.69	15.71	15.49	15.63	1487729	24083386.00
2023-12-13	15.61	15.70	15.50	15.55	1186422	19234942.00
2023-12-14	15.61	15.73	15.53	15.67	1181079	19208056.00
2023-12-15	15.67	15.73	15.51	15.58	1269400	20615240.00
2023-12-18	15.56	15.63	15.29	15.33	1290700	20714956.00
2023-12-19	15.38	15.69	15.28	15.59	1749137	28168170.00
2023-12-20	15.53	15.70	15.35	15.38	1913500	30928374.00
2023-12-21	15.26	15.53	14.96	15.35	1858506	29429916.00
2023-12-22	15.35	15.49	15.16	15.21	1519500	24209644.00
2023-12-25	15.16	15.34	14.90	15.04	1105763	17291288.00
2023-12-26	15.18	15.18	14.82	14.85	1200479	18632976.00
2023-12-27	14.85	15.15	14.85	15.11	980866	15344817.00
2023-12-28	15.11	15.41	14.96	15.33	1466779	23332666.00
2023-12-29	15.49	15.50	15.33	15.47	1375379	22067352.00
2024-01-02	15.50	15.62	15.41	15.56	1303001	21087348.00
2024-01-03	15.55	15.62	15.35	15.50	1258300	20265352.00
2024-01-04	15.53	15.60	15.46	15.48	1214738	19631214.00
2024-01-05	15.47	15.62	15.17	15.24	1621100	25978536.00
2024-01-08	15.23	15.34	14.98	14.99	1111800	17480020.00
2024-01-09	15.08	15.29	15.01	15.20	1046300	16545718.00
2024-01-10	15.28	15.32	14.94	15.07	1072900	16929630.00
2024-01-11	15.07	15.26	15.00	15.24	1114000	17599522.00
2024-01-12	15.22	15.58	15.18	15.32	2001461	32001978.00
2024-01-15	15.23	15.26	14.94	15.09	1778100	27944520.00
2024-01-16	15.08	15.13	14.74	14.94	1339800	20806944.00
2024-01-17	14.94	15.01	14.52	14.54	1187561	18250478.00
2024-01-18	14.54	14.54	13.89	14.30	2066800	30583244.00
2024-01-19	14.31	14.42	14.01	14.02	992400	14708403.00
2024-01-22	14.01	14.15	12.92	13.02	1930335	27170314.00
2024-01-23	13.02	13.18	12.70	13.12	1576718	21374916.00
2024-01-24	13.11	13.42	12.79	13.42	1812200	24960104.00
2024-01-25	13.48	13.98	13.30	13.98	1780800	25515054.00
2024-01-26	14.40	14.55	13.98	14.01	2426456	36033196.00
2024-01-29	14.00	14.11	13.58	13.65	1591783	22864054.00
2024-01-30	13.85	13.85	13.03	13.05	1420859	19933138.00
2024-01-31	13.05	13.15	12.28	12.35	1893300	24963062.00
2024-02-01	12.16	12.30	11.64	11.97	1713051	21555990.00
2024-02-02	12.01	12.26	10.68	11.10	2565958	30891258.00
2024-02-05	11.03	11.03	9.08	9.36	4275008	43901764.00
2024-02-06	9.07	9.89	8.54	9.57	4678898	45468328.00
2024-02-07	9.56	9.56	8.83	9.00	3638066	35794096.00
2024-02-08	9.08	10.49	9.08	10.30	4836983	50050616.00
2024-02-19	10.67	10.91	10.39	10.73	4524710	51003096.00
2024-02-20	10.88	10.94	10.49	10.77	2742300	31190448.00
2024-02-21	10.68	11.30	10.58	11.03	3528060	41379944.00
2024-02-22	10.96	11.58	10.96	11.48	3709497	44282284.00
2024-02-23	11.48	11.96	11.48	11.94	3781622	46765944.00
2024-02-26	12.04	12.58	12.04	12.36	4182699	54144392.00
2024-02-27	12.36	12.67	12.11	12.65	3092517	40454132.00
2024-02-28	12.87	12.95	11.43	11.43	5764584	74085968.00
2024-02-29	11.33	12.18	11.30	12.17	3883593	48634532.00
2024-03-01	12.41	12.48	11.98	12.27	2721400	34899428.00
2024-03-04	12.32	12.37	11.99	12.28	2055900	26380120.00
2024-03-05	12.19	12.28	11.99	12.06	2240612	28522044.00
2024-03-06	12.00	12.28	11.96	12.16	2018549	25725868.00
2024-03-07	12.23	12.62	12.21	12.39	3598558	46943648.00
2024-03-08	12.32	12.48	12.19	12.39	2098900	27165080.00
2024-03-11	12.27	12.51	12.21	12.51	2035177	26480256.00
2024-03-12	12.59	12.70	12.45	12.70	2368879	31263882.00
2024-03-13	12.76	12.88	12.47	12.67	2523361	33396642.00
2024-03-14	12.70	12.78	12.47	12.67	2379919	31615494.00
2024-03-15	12.66	12.74	12.50	12.73	2013863	26775096.00
2024-03-18	12.77	13.03	12.74	13.02	2538778	34304444.00
2024-03-19	13.02	13.20	12.96	13.02	2201690	30100376.00
2024-03-20	13.02	13.16	12.96	13.16	1504900	20624374.00
2024-03-21	13.22	13.35	12.98	13.18	1858500	25563624.00
2024-03-22	13.17	13.17	12.76	12.81	2281897	30890192.00
2024-03-25	12.81	13.85	12.64	12.97	6014379	83341656.00
2024-03-26	12.62	12.97	12.44	12.75	3914180	52040000.00
2024-03-27	12.66	13.03	12.28	12.28	3052358	40578040.00
2024-03-28	12.27	12.77	12.12	12.59	2423100	31855040.00
2024-03-29	12.62	13.52	12.62	13.51	5944339	82407432.00
2024-04-01	13.39	13.43	13.13	13.43	4345205	60321544.00
2024-04-02	13.39	13.82	13.31	13.78	5345167	76124432.00
2024-04-03	13.68	14.46	13.52	14.31	10155187	150383664.00
2024-04-08	13.63	14.06	13.26	13.33	7340349	103947800.00
2024-04-09	13.21	13.61	12.94	13.31	4167376	57449120.00
2024-04-10	13.08	13.51	12.96	13.20	3494773	48353108.00
2024-04-11	12.96	13.55	12.80	13.48	3560812	49805856.00
2024-04-12	13.33	14.14	13.33	13.92	6549118	95074920.00
2024-04-15	13.74	14.40	12.73	14.40	9562607	138033856.00
2024-04-16	13.77	13.97	12.85	12.90	7214213	101396896.00
2024-04-17	13.18	14.23	13.18	14.19	7395597	106538856.00
2024-04-18	14.08	14.68	13.81	14.46	8587288	128073072.00
2024-04-19	14.56	15.83	14.49	14.84	15186303	239293504.00
2024-04-22	14.10	14.22	13.56	13.79	10051050	145107968.00
2024-04-23	13.43	13.90	13.20	13.31	6214038	87722784.00
2024-04-24	13.34	14.28	13.34	13.77	5027526	72334528.00
2024-04-25	13.54	13.77	13.28	13.33	5349642	75234712.00
2024-04-26	13.18	13.24	12.89	13.17	4819900	66189580.00
2024-04-29	13.10	13.37	12.90	13.36	3690342	51103596.00
2024-04-30	13.27	13.54	13.22	13.25	3125442	43747780.00
2024-05-06	13.38	14.24	13.37	14.11	7981032	116317576.00
2024-05-07	14.03	14.24	13.95	14.20	4837560	71179488.00
2024-05-08	14.20	14.33	13.78	13.80	3690154	53592548.00
2024-05-09	13.70	14.23	13.70	14.16	4518469	66321236.00
2024-05-10	14.23	14.93	14.05	14.88	8516500	128777616.00
2024-05-13	14.63	15.23	14.39	15.11	7457942	115948328.00
2024-05-14	14.88	15.24	14.52	15.17	6539391	101266888.00
2024-05-15	15.47	15.55	14.68	14.76	6935919	108316912.00
2024-05-16	14.41	15.38	14.10	15.36	9790035	150786976.00
2024-05-17	14.69	15.09	14.30	14.52	7863510	117975472.00
2024-05-20	14.33	15.05	14.20	14.81	6881693	102859952.00
2024-05-21	14.45	14.49	14.04	14.07	4931173	71666816.00
2024-05-22	13.99	14.25	13.96	14.11	2252183	32481622.00
2024-05-23	14.10	14.12	13.53	13.60	3347751	47003832.00
2024-05-24	13.68	13.96	13.51	13.69	2140089	30192688.00
2024-05-27	13.71	14.03	13.60	14.01	2126800	30191114.00
2024-05-28	13.92	14.21	13.84	14.05	2303700	33096868.00
2024-05-29	14.02	14.11	13.59	13.69	2513140	35533256.00
2024-05-30	13.72	13.73	13.11	13.12	3581391	48862496.00
2024-05-31	13.30	13.31	13.05	13.22	1574579	21267430.00
2024-06-03	13.34	13.34	12.84	12.93	1870370	24900828.00
2024-06-04	12.91	12.99	12.35	12.57	2095779	26874620.00
2024-06-05	12.57	12.76	12.36	12.59	1505058	19394778.00
2024-06-06	12.67	12.74	11.88	11.89	2373842	29569230.00
2024-06-07	12.06	12.32	12.06	12.26	1241600	15549378.00
2024-06-11	12.26	12.40	12.05	12.36	913743	11467845.00
2024-06-12	12.55	12.71	12.34	12.65	1547177	19953144.00
2024-06-13	12.69	12.82	12.60	12.68	952777	12394899.00
2024-06-14	12.77	12.78	12.61	12.67	898800	11679363.00
2024-06-17	12.64	12.64	12.37	12.41	1043064	13356093.00
2024-06-18	12.47	12.63	12.40	12.60	885076	11393635.00
2024-06-19	12.61	12.75	12.61	12.62	834000	10824353.00
2024-06-20	12.65	12.74	12.32	12.34	996012	12773604.00
2024-06-21	12.28	12.40	12.15	12.29	980366	12357603.00
2024-06-24	12.19	12.19	11.47	11.51	1832464	22027630.00
2024-06-25	11.57	11.76	11.51	11.62	952069	11378801.00
2024-06-26	11.64	12.03	11.50	12.00	1005132	12193900.00
2024-06-27	12.02	12.15	11.82	11.86	1021600	12566002.00
2024-06-28	12.16	12.39	11.90	12.06	1637820	20397996.00
2024-07-01	12.02	12.22	11.85	12.13	1227300	15177037.00
2024-07-02	12.19	12.30	12.10	12.19	1052500	13175015.00
2024-07-03	12.20	12.27	11.90	11.95	934000	11567867.00
2024-07-04	11.70	12.07	11.55	11.59	1074109	12888139.00
2024-07-05	11.53	11.78	11.46	11.73	854600	10191627.00
2024-07-08	11.74	11.77	11.27	11.32	1009967	11831855.00
2024-07-09	11.21	11.54	11.00	11.50	1041315	12095799.00
2024-07-10	11.46	11.57	11.30	11.35	803100	9435060.00
2024-07-11	11.39	11.88	11.39	11.88	1481900	17859660.00
2024-07-12	11.74	11.96	11.72	11.83	793200	9627800.00
2024-07-15	11.80	11.80	11.47	11.57	1074800	12778539.00
2024-07-16	11.57	11.75	11.39	11.48	881400	10435509.00
2024-07-17	11.51	11.94	11.41	11.52	2019900	24233992.00
2024-07-18	11.25	11.53	11.12	11.47	1609300	18666170.00
2024-07-19	11.37	12.43	11.37	12.10	3224626	39459928.00
2024-07-22	11.96	11.96	11.77	11.90	2445000	29697658.00
2024-07-23	11.91	12.33	11.82	12.09	3153465	39174320.00
2024-07-24	12.17	12.29	11.65	11.87	2325059	28402648.00
2024-07-25	11.70	12.14	11.60	11.94	1939800	23700826.00
2024-07-26	11.89	12.09	11.85	12.02	1522328	18690432.00
2024-07-29	12.14	12.14	11.94	12.09	1205594	14893169.00
2024-07-30	12.02	12.12	11.91	12.05	927684	11445129.00
2024-07-31	12.30	12.38	12.06	12.35	2152994	27026446.00
2024-08-01	12.35	12.44	12.20	12.27	1583900	19936136.00
2024-08-02	12.15	12.28	11.99	12.01	1246894	15500876.00
2024-08-05	12.04	12.66	11.92	12.34	3717679	46813716.00
2024-08-06	12.17	12.87	12.12	12.53	3741800	48002812.00
2024-08-07	12.33	12.48	12.20	12.23	2158790	27237954.00
2024-08-08	12.09	12.47	11.80	12.13	2395200	29670376.00
2024-08-09	12.17	12.19	11.84	11.86	1584600	19540200.00
2024-08-12	11.80	11.97	11.69	11.95	1523300	18506534.00
2024-08-13	12.04	13.68	12.04	12.79	6590584	85825616.00
2024-08-14	12.54	12.83	12.51	12.67	4684300	60629196.00
2024-08-15	12.61	12.75	12.37	12.40	3308500	42287584.00
2024-08-16	12.39	12.43	12.15	12.19	2335700	29329174.00
2024-08-19	12.14	12.28	12.00	12.25	1748700	21844784.00
2024-08-20	12.19	12.20	11.71	11.72	2231100	27199268.00
2024-08-21	11.72	11.77	11.52	11.59	1144600	13672650.00
2024-08-22	11.69	11.69	11.11	11.16	1819900	21084036.00
2024-08-23	11.16	11.16	10.82	10.92	1115184	12576711.00
2024-08-26	11.07	11.35	10.95	11.27	1218500	13976246.00
2024-08-27	11.19	11.37	10.96	11.00	1224900	14018259.00
2024-08-28	10.94	11.25	10.93	11.13	908500	10383928.00
2024-08-29	11.17	11.32	11.06	11.27	1043300	12043994.00
2024-08-30	11.28	11.65	11.28	11.44	1758500	20732592.00
2024-09-02	11.44	11.62	11.36	11.36	1262800	14893968.00
2024-09-03	11.38	11.55	11.30	11.43	757500	8911989.00
2024-09-04	11.43	11.53	11.26	11.31	877442	10275963.00
2024-09-05	11.30	11.53	11.30	11.34	737400	8632563.00
2024-09-06	11.34	11.41	11.09	11.11	985500	11382326.00
2024-09-09	11.12	11.22	10.93	10.99	800300	9079395.00
2024-09-10	11.05	11.28	10.94	11.26	1300400	14896357.00
2024-09-11	11.22	11.28	11.15	11.26	881015	10159166.00
2024-09-12	11.27	11.44	11.27	11.29	1211103	14124334.00
2024-09-13	11.29	11.32	10.91	10.93	973300	11065112.00
2024-09-18	10.91	11.11	10.66	10.89	1352500	15123016.00
2024-09-19	10.95	11.25	10.94	11.16	892600	10204566.00
2024-09-20	11.18	11.18	10.97	11.06	733200	8337791.00
2024-09-23	11.14	11.19	10.99	11.07	518700	5916938.00
2024-09-24	11.15	11.39	11.07	11.38	1389900	16102371.00
2024-09-25	11.44	11.66	11.44	11.47	2023400	23996044.00
2024-09-26	11.45	11.80	11.40	11.79	1765609	21080280.00
2024-09-27	11.86	12.42	11.79	12.29	3505590	43496096.00
2024-09-30	12.70	14.17	12.50	13.82	8327951	112927760.00
2024-10-08	16.45	16.45	14.25	15.19	9810514	150804256.00
2024-10-09	14.46	14.68	13.29	13.44	6621838	94944536.00
2024-10-10	13.52	14.40	13.34	13.81	4396301	62095276.00
2024-10-11	13.72	14.01	12.94	13.12	3723328	50874720.00
2024-10-14	13.13	13.34	12.87	13.33	3322014	44861724.00
2024-10-15	13.21	13.41	13.08	13.10	2693484	36368108.00
2024-10-16	12.99	13.25	12.89	13.14	1919500	25733040.00
2024-10-17	13.14	13.38	12.94	12.94	2332281	31432936.00
2024-10-18	12.99	13.54	12.94	13.37	2894873	39302168.00
2024-10-21	13.55	13.61	13.33	13.49	3151800	43418024.00
2024-10-22	13.49	13.83	13.35	13.71	2639300	36824744.00
2024-10-23	13.69	14.08	13.64	13.91	3902284	55356160.00
2024-10-24	13.76	13.88	13.53	13.60	2873700	40128208.00
2024-10-25	14.35	14.69	14.23	14.50	8874637	131294352.00
2024-10-28	14.68	14.85	14.39	14.65	4969140	73894592.00
2024-10-29	14.65	14.67	14.12	14.14	3931200	57569352.00
2024-10-30	13.99	14.38	13.97	14.11	3090900	44674060.00
2024-10-31	14.12	14.36	14.12	14.23	2551700	37155092.00
2024-11-01	14.14	14.36	13.75	13.80	3349400	47889796.00
2024-11-04	13.81	14.06	13.72	13.99	2081500	29701528.00
2024-11-05	14.13	14.31	14.03	14.29	2889600	41908768.00
2024-11-06	14.31	15.57	14.21	15.46	10765147	165454352.00
2024-11-07	15.29	15.35	14.70	15.13	9557171	146357696.00
2024-11-08	15.17	15.33	14.87	14.97	5081816	78185464.00
2024-11-11	14.84	15.12	14.81	15.12	4258300	65064512.00
2024-11-12	15.12	15.26	14.79	14.97	3852500	59186736.00
2024-11-13	15.01	15.22	14.75	15.13	3056413	46954716.00
2024-11-14	15.18	15.45	14.94	14.97	4453107	69043280.00
2024-11-15	14.86	15.26	14.54	14.63	3706100	56538480.00
2024-11-18	14.61	14.87	14.08	14.15	3303168	48537760.00
2024-11-19	14.17	14.85	14.15	14.75	3704086	54974032.00
2024-11-20	14.65	15.12	14.64	15.05	4224185	64470700.00
2024-11-21	14.91	15.15	14.74	14.92	2597349	39689596.00
2024-11-22	14.91	15.12	14.19	14.23	3527300	52898964.00
2024-11-25	14.29	14.59	14.19	14.57	3124194	46027000.00
2024-11-26	14.70	14.85	14.39	14.45	2123600	31660336.00
2024-11-27	14.33	14.48	13.89	14.47	2410525	34915804.00
2024-11-28	14.59	15.21	14.49	14.82	4907200	74238448.00
2024-11-29	14.96	15.04	14.57	14.76	3964400	59674768.00
2024-12-02	14.77	14.97	14.73	14.94	3207157	48682220.00
2024-12-03	14.92	15.32	14.90	14.97	3076166	47206564.00
2024-12-04	15.01	15.62	14.81	15.29	6908070	107374496.00
2024-12-05	15.19	15.32	15.04	15.25	4107600	63617968.00
2024-12-06	15.23	15.27	14.88	15.12	3716200	57094624.00
2024-12-09	15.12	15.24	14.98	15.12	2972600	45801412.00
2024-12-10	15.43	15.55	14.98	15.04	4019047	62406488.00
2024-12-11	15.04	15.18	14.97	15.09	2522100	38802300.00
2024-12-12	15.11	15.27	15.06	15.22	2571800	39507844.00
2024-12-13	15.19	15.44	14.98	15.01	2899900	44550392.00
2024-12-16	15.01	15.30	14.97	15.10	2183400	33368312.00
2024-12-17	15.07	15.13	14.19	14.32	3282800	48398956.00
2024-12-18	14.38	14.47	13.94	14.13	2356900	33990704.00
2024-12-19	14.04	14.21	13.94	14.19	2061117	29418256.00
2024-12-20	14.17	14.57	14.12	14.40	1849123	26973976.00
2024-12-23	14.56	14.56	13.59	13.70	2774600	39346040.00
2024-12-24	13.67	14.06	13.67	13.85	2050500	28843172.00
2024-12-25	13.83	13.96	13.42	13.62	1613900	22316920.00
2024-12-26	13.62	14.00	13.54	13.87	1576200	22131260.00
2024-12-27	13.96	14.38	13.87	14.19	2073800	29715696.00
2024-12-30	14.11	14.16	13.72	14.01	1839298	26091996.00
2024-12-31	14.01	14.46	13.76	13.84	2482069	35356456.00
2025-01-02	13.77	13.99	13.41	13.54	2191600	30487706.00
2025-01-03	13.54	13.77	13.01	13.02	2472000	33428972.00
2025-01-06	12.97	13.29	12.42	12.98	2370832	31102286.00
2025-01-07	13.23	13.51	12.83	13.50	2177500	29332184.00
2025-01-08	13.40	13.83	13.19	13.53	2548700	35017564.00
2025-01-09	13.39	13.71	13.33	13.45	1551800	21281932.00
2025-01-10	13.46	13.55	12.99	13.01	1715494	23057866.00
2025-01-13	13.04	13.64	13.04	13.60	4222400	57355532.00
2025-01-14	13.47	13.92	13.39	13.92	4537700	63298552.00
2025-01-15	13.87	14.01	13.69	13.73	2152029	30120212.00
2025-01-16	13.82	14.28	13.78	13.98	2727479	38674396.00
2025-01-17	13.90	14.36	13.85	14.24	3101700	44337320.00
2025-01-20	14.42	14.65	14.30	14.58	3269625	47951144.00
2025-01-21	14.84	15.23	14.48	14.60	5312081	79729424.00
2025-01-22	14.65	14.79	14.31	14.48	3438201	50433284.00
2025-01-23	14.55	14.66	14.25	14.28	2733241	40118796.00
2025-01-24	14.25	14.40	14.13	14.31	2524100	36481800.00
2025-01-27	14.39	14.59	14.29	14.33	2060483	30174034.00
2025-02-05	14.38	14.67	14.15	14.19	2377992	34404772.00
2025-02-06	14.26	14.45	14.14	14.45	2410400	35010696.00
2025-02-07	14.41	14.56	14.22	14.41	2494618	36485864.00
2025-02-10	14.34	14.51	14.34	14.49	2342200	34217144.00
2025-02-11	14.49	14.54	14.30	14.43	1869700	27287460.00
2025-02-12	14.50	14.51	14.25	14.43	1862863	27089064.00
2025-02-13	14.38	14.43	14.03	14.04	2039179	29389836.00
2025-02-14	14.14	14.19	13.93	14.02	1927180	27428036.00
2025-02-17	14.04	14.16	13.91	14.13	2063473	29363974.00
2025-02-18	14.12	14.13	13.74	13.79	1676000	23678476.00
2025-02-19	13.79	14.06	13.75	14.04	1703800	24145772.00
2025-02-20	14.04	14.22	13.94	14.19	1824566	26088912.00
2025-02-21	14.11	14.19	13.98	14.10	1770800	25288992.00
2025-02-24	14.06	14.51	13.82	14.22	4276612	61417592.00
2025-02-25	14.13	14.52	14.02	14.50	5186000	75380328.00
2025-02-26	14.49	14.63	14.40	14.56	4066801	59755956.00
2025-02-27	14.55	14.57	14.10	14.43	2957323	42866456.00
2025-02-28	14.42	14.70	14.33	14.33	4736165	69589632.00
2025-03-03	14.30	14.49	14.17	14.31	3641167	52879668.00
2025-03-04	14.15	14.50	14.08	14.47	2577267	37535596.00
2025-03-05	14.44	14.51	14.26	14.50	2003800	29212900.00
2025-03-06	14.49	14.63	14.43	14.62	3192875	47159732.00
2025-03-07	14.62	14.66	14.44	14.53	2312744	34099292.00
2025-03-10	14.54	14.69	14.53	14.67	2143800	31724672.00
2025-03-11	14.56	14.66	14.49	14.65	1898800	28055590.00
2025-03-12	14.64	14.73	14.55	14.58	1694564	25075204.00
2025-03-13	14.51	14.89	14.30	14.77	3625200	53567252.00
2025-03-14	14.72	15.46	14.72	15.31	8287107	126918528.00
2025-03-17	15.64	16.09	15.44	15.51	9169832	145382000.00
2025-03-18	15.58	16.08	15.39	16.05	8462557	134919104.00
2025-03-19	15.92	16.61	15.82	16.09	7881550	129403800.00
2025-03-20	16.07	17.01	16.07	16.74	12338528	207093024.00
2025-03-21	16.69	19.74	16.61	18.76	25862449	479727392.00
2025-03-24	18.53	19.81	17.67	19.81	28105079	534560640.00
2025-03-25	18.82	22.89	18.41	20.74	33500253	697192320.00
2025-03-26	19.81	21.28	19.49	20.81	26044346	531133024.00
2025-03-27	20.31	20.31	18.32	18.43	19106781	366797952.00
2025-03-28	17.88	19.31	17.47	18.50	14895373	278091680.00
2025-03-31	17.95	17.97	16.64	17.02	17283390	299216352.00
2025-04-01	17.35	17.75	17.14	17.32	12614070	221677744.00
2025-04-02	17.65	18.10	16.78	16.83	11652464	202984000.00
2025-04-03	16.74	16.99	16.11	16.51	11171900	186994688.00
2025-04-07	15.31	15.51	13.17	13.17	13003858	185786816.00
2025-04-08	13.51	14.39	13.48	13.89	12253158	173341312.00
2025-04-09	13.56	14.67	12.54	14.37	11929400	166446064.00
2025-04-10	14.67	15.29	14.67	14.88	9390700	142168048.00
2025-04-11	15.31	15.95	15.00	15.06	11067044	172209504.00
2025-04-14	15.24	15.59	14.96	15.08	8424479	129924040.00
2025-04-15	15.31	15.31	14.72	14.91	6085100	91886496.00
2025-04-16	14.83	14.94	14.28	14.52	6212700	91755992.00
2025-04-17	14.52	15.11	14.49	14.69	6208900	92956632.00
2025-04-18	14.84	15.55	14.68	15.31	11514100	175941840.00
2025-04-21	15.65	15.80	15.20	15.75	9765800	153749776.00
2025-04-22	15.77	15.90	15.53	15.58	5807600	92052016.00
2025-04-23	15.80	16.05	15.59	15.90	6564500	105311296.00
2025-04-24	15.80	16.14	15.61	15.91	6751300	108288384.00
2025-04-25	16.01	16.09	15.71	15.85	4609300	74156184.00
2025-04-28	15.85	15.85	15.41	15.54	4230300	66677120.00
2025-04-29	15.44	15.84	15.32	15.62	3914800	62096544.00
2025-04-30	15.61	15.83	15.54	15.66	4484058	71216568.00
2025-05-06	15.86	16.27	15.82	16.21	7323302	119084480.00
2025-05-07	16.63	17.09	16.30	16.47	9849300	165756560.00
2025-05-08	16.80	17.26	16.41	17.04	10319500	176213584.00
2025-05-09	16.90	16.99	16.34	16.42	8370000	139985072.00
2025-05-12	16.42	16.67	16.39	16.54	5396291	90208160.00
2025-05-13	16.63	16.77	16.29	16.31	4274200	71220168.00
2025-05-14	16.40	16.43	16.14	16.25	4294500	70713528.00
2025-05-15	16.30	16.30	15.97	16.09	2995500	48792036.00
2025-05-16	16.02	16.56	15.94	16.23	4362600	72146296.00
2025-05-19	16.20	16.30	15.95	16.19	3383650	55259652.00
2025-05-20	16.26	16.64	16.05	16.51	4936500	81964968.00
2025-05-21	16.54	16.54	16.08	16.21	4617100	75919216.00
2025-05-22	16.12	16.27	15.79	15.82	4135489	66840256.00
2025-05-23	15.78	16.06	15.69	15.72	3044089	48895380.00
2025-05-26	15.66	15.95	15.66	15.83	2375100	38080680.00
2025-05-27	15.76	15.88	15.54	15.78	2873658	45731380.00
2025-05-28	15.79	16.16	15.73	16.02	3133400	50071160.00
2025-05-29	15.90	16.35	15.88	16.19	4166000	67341968.00
2025-05-30	16.13	16.22	15.78	15.88	3444990	54871944.00
2025-06-03	15.81	16.08	15.71	15.93	2379900	37973400.00
2025-06-04	16.02	16.44	15.95	16.22	4220300	68390936.00
2025-06-05	16.13	16.30	16.01	16.19	3022661	48855336.00
2025-06-06	16.15	16.36	16.01	16.32	2646461	42875496.00
2025-06-09	16.27	16.98	16.27	16.91	7694642	129158904.00
2025-06-10	16.90	16.91	16.35	16.54	5401142	89788504.00
2025-06-11	16.54	16.72	16.44	16.65	3290949	54692284.00
2025-06-12	16.78	17.09	16.73	16.95	5801989	97964560.00
2025-06-13	17.99	20.34	17.57	20.34	32747704	638207552.00
2025-06-16	19.89	21.50	19.24	20.37	38286514	783019328.00
2025-06-17	19.10	21.70	18.98	20.61	34021363	685879744.00
2025-06-18	20.46	20.46	19.13	20.16	24878462	492881920.00
2025-06-19	19.31	21.25	18.83	20.16	27616731	548807040.00
2025-06-20	19.66	19.98	18.56	18.71	18900656	361277856.00
2025-06-23	19.46	19.85	18.80	19.22	18206943	351011104.00
2025-06-24	17.38	17.75	16.91	17.06	24682874	423452384.00
2025-06-25	17.00	17.17	16.88	17.00	13215563	224501504.00
2025-06-26	17.05	17.59	16.98	17.34	15231463	262791072.00
2025-06-27	17.10	17.22	16.95	17.14	9351700	160173600.00
2025-06-30	17.12	17.39	17.02	17.38	8105970	140256576.00
2025-07-01	17.41	17.50	17.21	17.35	7121080	123273608.00
2025-07-02	17.89	17.98	17.52	17.57	14899900	264225056.00
2025-07-03	17.66	17.68	17.36	17.43	8926800	155787760.00
2025-07-04	17.53	17.57	17.21	17.28	6643500	115167520.00
2025-07-07	17.11	17.43	16.93	17.42	4752993	82057864.00
2025-07-08	17.41	17.53	17.33	17.49	4908000	85638984.00
2025-07-09	17.47	17.65	17.32	17.35	5578300	97409384.00
2025-07-10	17.33	17.45	17.19	17.32	3998500	69223688.00
2025-07-11	17.34	17.40	17.15	17.35	4469600	77280352.00
2025-07-14	17.34	17.48	17.30	17.46	3813379	66350496.00
2025-07-15	17.41	17.50	17.10	17.26	4042800	69757728.00
2025-07-16	17.30	17.45	17.21	17.36	3341900	58042060.00
2025-07-17	17.42	17.45	17.27	17.34	3517600	60996820.00
2025-07-18	17.43	17.48	17.29	17.40	4006289	69623960.00
2025-07-21	17.55	17.79	17.47	17.79	6809100	120338064.00
2025-07-22	17.83	18.34	17.73	18.19	9891300	178512240.00
2025-07-23	18.16	18.24	17.78	17.82	6667800	119691560.00
2025-07-24	17.76	18.01	17.68	17.91	5282400	94229584.00
2025-07-25	17.91	17.98	17.74	17.82	4268679	76089216.00
2025-07-28	17.89	17.93	17.73	17.90	3209800	57315472.00
2025-07-29	17.91	18.07	17.72	18.04	5394514	96594136.00
2025-07-30	18.03	18.45	17.85	18.21	9196400	166980848.00
2025-07-31	18.16	18.85	18.05	18.68	14295485	264950624.00
2025-08-01	18.75	18.81	18.25	18.35	8382100	154162640.00
2025-08-04	18.22	18.69	17.78	18.68	6544771	120254984.00
2025-08-05	18.68	19.30	18.51	19.28	8826031	167649408.00
2025-08-06	19.19	19.19	18.91	19.00	7066767	134356160.00
2025-08-07	19.01	19.20	18.82	19.01	7266100	137808512.00
2025-08-08	19.00	19.54	18.90	19.35	7723844	148786176.00
2025-08-11	19.40	20.15	19.21	19.68	10901344	215259456.00
2025-08-12	19.61	19.80	19.40	19.53	6299515	123052776.00
2025-08-13	19.70	19.71	19.16	19.18	7768915	150341600.00
2025-08-14	19.29	19.38	18.68	18.71	6973736	131930000.00
2025-08-15	18.70	19.15	18.70	19.10	4979683	94618056.00
2025-08-18	19.11	19.40	19.11	19.19	5165900	99430112.00
2025-08-19	19.23	19.26	18.95	19.13	4212582	80502888.00
2025-08-20	19.18	19.65	19.02	19.50	6289100	122142320.00
2025-08-21	19.46	20.10	19.33	19.89	8670099	171629712.00
2025-08-22	19.89	19.90	19.26	19.50	7053542	137206640.00
2025-08-25	19.48	19.55	19.23	19.38	6664504	129047032.00
2025-08-26	19.32	19.82	19.15	19.45	6516000	127108416.00
2025-08-27	19.45	19.58	18.53	18.60	7803600	149563968.00
2025-08-28	18.65	19.12	18.02	18.73	5891800	109491992.00
2025-08-29	18.72	18.95	18.63	18.88	4250441	80028064.00
2025-09-01	18.70	19.76	18.70	19.33	6881000	133398360.00
2025-09-02	19.35	19.54	18.93	19.50	7258596	139672016.00
2025-09-03	19.41	19.45	18.25	18.32	6330938	119104280.00
2025-09-04	18.43	18.64	18.01	18.30	3916300	72015248.00
2025-09-05	18.31	18.74	18.27	18.72	3096700	57425376.00
2025-09-08	18.72	19.06	18.72	19.06	3232700	61235720.00
2025-09-09	19.12	19.12	18.36	18.50	3294800	61443020.00
2025-09-10	18.60	18.96	18.51	18.73	3258417	60870180.00
2025-09-11	18.65	18.82	18.31	18.82	3249097	60327456.00
2025-09-12	18.85	18.98	18.61	18.79	2774242	52205880.00
2025-09-15	18.76	18.96	18.59	18.63	2422500	45385832.00
2025-09-16	18.63	18.75	18.45	18.72	2332839	43471068.00
2025-09-17	18.75	18.90	18.61	18.65	2322087	43493476.00
2025-09-18	18.57	18.81	18.11	18.30	3956000	73128168.00
2025-09-19	18.30	18.43	17.90	18.01	2864282	51836780.00
2025-09-22	18.17	18.17	17.81	18.00	1753200	31478440.00
2025-09-23	17.99	18.00	17.15	17.70	3571663	62399344.00
2025-09-24	17.68	18.16	17.63	18.04	2694463	48444332.00
2025-09-25	18.04	18.15	17.70	17.73	2197859	39293656.00
2025-09-26	17.78	18.00	17.58	17.74	2623600	46769232.00
2025-09-29	17.75	17.94	17.42	17.85	2033181	36140596.00
2025-09-30	17.85	17.95	17.78	17.82	1509500	26954994.00
2025-10-23	29.97	29.97	29.97	29.97	0	0.00
数据来源:通达信
